4.000040438917337043e-02
4.000086749300282851e-02
4.000121516741929339e-02
4.000147634999648427e-02
4.000167819753341902e-02
4.000183856675899874e-02
4.000196902563029483e-02
4.000207726416675491e-02
4.000216855666443444e-02
4.000224662738935399e-02
4.000223254117551974e-02
4.000212737068392643e-02
4.000204235149810300e-02
4.000183053948303674e-02
3.685623136137698014e-02
3.444089671959443821e-02
3.317606275800774607e-02
3.236387628447420090e-02
3.164369730652684398e-02
3.101745625570796056e-02
3.051249709229308937e-02
2.998042567122922997e-02
2.977567776095479957e-02
2.977283557078137452e-02
2.977280343841893356e-02
2.977279070396918886e-02
2.977275228646635019e-02
2.988134955422154168e-02
3.055640126918304778e-02
3.171914469666464037e-02
3.109373453371738413e-02
3.048693944703785227e-02
2.989607628922382951e-02
2.931723032365214296e-02
2.874613905142940282e-02
2.817792346338377635e-02
2.760669845388025873e-02
2.702495995689333658e-02
2.642261205150520098e-02
2.578801365473306489e-02
2.515966666184351122e-02
2.455945729941363606e-02
2.398557759247219034e-02
2.343641653477783124e-02
2.291082430918323087e-02
2.240906039145725351e-02
2.193506135634288451e-02
2.150055138823398632e-02
2.113094627619717392e-02
2.087148379015711652e-02
2.322335761043030702e-02
2.313948410588751933e-02
2.302203909377532193e-02
2.288707410710175486e-02
2.274247153719010858e-02
2.259271076919010246e-02
2.271583805239935777e-02
2.289682547698854848e-02
2.323927609467890329e-02
2.375898539285883904e-02
2.438430313616741368e-02
2.493942224908797176e-02
2.548963661523281563e-02
2.603981807785827468e-02
2.658719413650395200e-02
2.712939361354816184e-02
2.766537050027838632e-02
2.821026757573533508e-02
2.878715384521126144e-02
2.928598577833596908e-02
2.971660653734211829e-02
3.014032235897933648e-02
3.052963181471956416e-02
3.036467473342255308e-02
2.991348127407150725e-02
2.952952937952294660e-02
2.925201004297913604e-02
2.903154013162548286e-02
2.884818446604388645e-02
2.869141615117296040e-02
2.855482055756905155e-02
2.843412773780187863e-02
2.832632190022282143e-02
2.822917726920232129e-02
2.814100159206396265e-02
2.806047219971678428e-02
2.798653925569380418e-02
2.791834938650026438e-02
2.785520413042910301e-02
2.779652405439803770e-02
2.774182294627946382e-02
2.769068735308062926e-02
2.764276610159971739e-02
2.759775653001248288e-02
2.755539632196621347e-02
2.751545860756293010e-02
2.747774234861660378e-02
2.744207229473368329e-02
2.740829375152376013e-02
2.737626790357148079e-02
2.734587263496638873e-02
2.731699684157485805e-02
2.728954265271068755e-02
2.726341973518451797e-02
2.723854925660438783e-02
2.721485677304027323e-02
2.719227768100014597e-02
2.717075033684246757e-02
2.715021998116541949e-02
2.713063710661291206e-02
2.711195518754010159e-02
2.709413195029702903e-02
2.707712818072942687e-02
2.706090824985863882e-02
2.704543999476671789e-02
2.703069064372370933e-02
2.701663471403139768e-02
2.700324411313359541e-02
2.699049613163742242e-02
2.697836770043875523e-02
2.696683813288998366e-02
2.695588762629764698e-02
2.694549987357492543e-02
2.693565774151959399e-02
2.692634491278313516e-02
2.691754748716871162e-02
2.690925315582122501e-02
2.690144983119562017e-02
2.689412428065032085e-02
2.688726835234214046e-02
2.688087105993249362e-02
2.687492337083701582e-02
2.686941693028771158e-02
2.686434664221472313e-02
2.685970223946150190e-02
2.685548043759533252e-02
2.685167462529775007e-02
2.684827890343440687e-02
2.684528942117225814e-02
2.684270208958614706e-02
2.684051417264375974e-02
2.683872239312802901e-02
2.683732322676800688e-02
2.683631696020267673e-02
2.683569992894246220e-02
2.683547288105265008e-02
2.683563359150346536e-02
2.683618275698080105e-02
2.683712114111276234e-02
2.683844938997369950e-02
2.684016752115705312e-02
2.684227907930401488e-02
2.684478606617661869e-02
2.684768959361940460e-02
2.685099276394171258e-02
2.685470206191056114e-02
2.685881776852991343e-02
2.686334687119127512e-02
2.686829372306462696e-02
2.687366233231734333e-02
2.687946237866231658e-02
2.688569729288524043e-02
2.689237576882522879e-02
2.689950438308634853e-02
2.690709277142197542e-02
2.691514988736686681e-02
2.692368462419711048e-02
2.693270829633680544e-02
2.694223185534021237e-02
2.695226676521781869e-02
2.696282580789937516e-02
2.697392250182046106e-02
2.698557184764130770e-02
2.699778834349355824e-02
2.701058750178427295e-02
2.702398771934015273e-02
2.703800753614275451e-02
2.705266601796033066e-02
2.706798474035523178e-02
2.708398339848126085e-02
2.710068786404089269e-02
2.711812127464341762e-02
2.713631093487482368e-02
2.715528470709497114e-02
2.717507248669667752e-02
2.719570604407103853e-02
2.721721825247259280e-02
2.723964572278223667e-02
2.726302742235340790e-02
2.728740335694812558e-02
2.729453961011724106e-02
2.720915839920106521e-02
2.712367082834517273e-02
2.703862660478311211e-02
2.695402276963638696e-02
2.686985342124454529e-02
2.678611346540081192e-02
2.670279949496615762e-02
2.661990757249778350e-02
2.653743312823017217e-02
2.645537110784142512e-02
2.637371853384622503e-02
2.629247058634524153e-02
2.621162371712052255e-02
2.613117249988912427e-02
2.605111664015423087e-02
2.597144843849352736e-02
2.589216452657672196e-02
2.581326364638245746e-02
2.573474147718052274e-02
2.565659247878903162e-02
2.557881427594166021e-02
2.550140427558654152e-02
2.542435745118310289e-02
2.534767185587728788e-02
2.527134253726617472e-02
2.519536607459590613e-02
2.511974054919101709e-02
2.504446352203005058e-02
2.496952852959855029e-02
