3.979000346305850269e-12
6.273734370425670480e-12
8.316185071722757986e-12
1.019223145610602081e-11
1.195927610340090672e-11
1.365149776128088044e-11
1.529035529137765468e-11
1.689014081134382872e-11
1.846101984463213657e-11
2.001092670009388414e-11
2.148318388811387583e-11
2.354512515992860758e-11
2.583152375365481870e-11
2.831907023959795192e-11
3.099849463645057293e-11
3.380010914200643248e-11
3.682970159953754079e-11
4.042928998688551030e-11
4.434902186429847266e-11
4.875294742023038360e-11
5.409203289728144319e-11
4.000351772658668897e-02
4.000350089315373586e-02
4.000343038591042122e-02
4.000332492773540916e-02
4.000371805859413710e-02
4.000448914635492542e-02
4.000506989454370027e-02
4.000577968507954690e-02
4.000582915173143267e-02
4.000592409532675864e-02
4.000596758838913247e-02
4.000601660588577052e-02
4.000605795716961205e-02
4.000609149346440185e-02
4.000611684193847162e-02
4.000613329695285048e-02
4.000613963127538919e-02
4.000613374182081933e-02
4.000611263656099481e-02
4.000608593989562339e-02
4.000605969691922725e-02
4.000603391696657546e-02
4.000600860381175322e-02
4.000598374709762178e-02
4.000595928995129280e-02
4.000593505366957514e-02
4.000591060315659975e-02
4.000588506217662987e-02
4.000585732518111004e-02
4.000584241544882791e-02
4.000581455788602275e-02
4.000578683980085537e-02
4.000575943834393244e-02
4.000573245973799985e-02
4.000570597244820781e-02
4.000027303158641689e-02
4.000581031895857065e-02
4.000592066209007064e-02
4.000601197826800931e-02
4.000601891540228605e-02
4.000598937994301330e-02
4.000594589175354709e-02
4.000589853833633192e-02
4.000585145272963356e-02
4.000580627597585814e-02
4.000578427547174520e-02
4.000619434856529655e-02
4.000598444774831897e-02
4.000375370709886164e-02
3.997253687709240860e-02
9.612619052940881911e-03
1.447537811303131977e-04
4.000196977479104216e-02
1.064507814256361198e-06
2.011995820344226191e-07
3.075131847472888368e-08
4.378376564116946886e-09
6.113450502662578971e-10
8.543455189022867375e-11
1.205518894441723350e-11
1.723611161510211984e-12
2.499436266468334632e-13
3.674658594398210097e-14
5.471841126837229418e-15
8.240241222259494988e-16
1.253118387615074574e-16
1.921148442018611551e-17
2.964576170457486727e-18
4.597174275617238637e-19
7.152972263270432949e-20
1.115100600433991039e-20
1.739128859934724857e-21
2.709882791205967535e-22
4.213031408656131561e-23
6.526726905541509613e-24
1.006327831200549725e-24
1.542369002394040036e-25
2.347107275741779944e-26
3.542329156621307905e-27
5.296135563054363719e-28
7.835643923590187419e-29
1.145937186862650551e-29
1.654912906382904756e-30
2.357430712185029142e-31
3.309052353968468473e-32
4.572236247481634318e-33
6.212597405976257137e-34
8.292064031202073160e-35
1.086121379648716537e-35
1.394583292034602693e-36
1.753616291914728516e-37
2.157108919437914071e-38
2.593176085763269314e-39
3.043651977276468967e-40
3.487088648437523579e-41
3.916864910805118835e-42
4.464697733118255295e-43
6.302910701499969106e-44
1.836567717952468129e-44
1.082565647235165107e-44
7.922359392357090749e-45
6.057416348318290279e-45
4.702791988700956791e-45
3.692143188745595980e-45
2.929226581075690060e-45
2.347543323817183588e-45
1.899903133979145224e-45
1.552248672971951362e-45
1.280201876907183152e-45
1.065240877817821439e-45
8.943302711668693660e-46
7.572853514728861620e-46
6.467237991490029718e-46
5.568512875443766528e-46
4.834087842870954369e-46
4.229887278003786609e-46
3.730411264296458780e-46
3.314965687238808535e-46
2.968375269097819708e-46
2.678105592146166352e-46
2.434030100988300298e-46
2.228366530689293403e-46
2.054964418221171133e-46
1.908698029768001293e-46
1.785465571828900520e-46
1.682050705085209697e-46
1.595718405660950112e-46
1.524633778363694254e-46
1.466697075166798190e-46
1.420865302254004879e-46
1.386065584145109310e-46
1.361599186572538793e-46
1.346914728965575591e-46
1.341639277313337126e-46
1.345834960154024198e-46
1.359545240377963666e-46
1.383080651934223661e-46
1.417135491578133380e-46
1.462461439858508608e-46
1.520295810500685936e-46
1.592036487226084310e-46
1.679382545510150866e-46
1.785036527581795741e-46
1.911751142931651536e-46
2.063259270956000164e-46
2.244274370595311522e-46
2.460926878641953647e-46
2.720068129906676449e-46
3.031717363660911736e-46
3.407509341710323644e-46
3.863147539207809747e-46
4.418094146863838473e-46
5.098567480550974250e-46
5.937511653305747935e-46
6.979922540402623599e-46
8.284641674425441240e-46
9.929768470052339509e-46
1.202413431616827701e-45
1.471006077549396006e-45
1.818665521472496369e-45
2.272930446070715852e-45
2.871877323932440734e-45
3.669144406810472078e-45
4.740577885087669520e-45
6.192450108336469032e-45
8.173795793869546582e-45
1.088472562753022599e-44
1.456100846630513927e-44
1.925247376270706334e-44
1.848761856509105249e-44
5.668611912092399649e-45
1.579474980165271599e-45
4.351832142162776995e-46
1.197945716631463645e-46
3.305975394981183226e-47
9.158836669592043143e-48
2.549330038079192198e-48
7.134110754518995550e-49
2.007257270822867637e-49
5.679992516975134293e-50
1.616330724648718856e-50
4.626386390058283349e-51
1.331925025848758111e-51
3.856146773492065337e-52
1.123356504922623511e-52
3.290408215802381564e-53
9.693706045709606702e-54
2.872537631317737763e-54
8.561330557862048106e-55
2.566135883739895328e-55
7.733347173046495973e-56
2.344228763494506203e-56
7.143744992290472993e-57
2.189183125801542866e-57
6.745401254166612955e-58
2.089701208541799023e-58
6.508189025359293115e-59
2.037828748198381899e-59
6.414221815014003334e-60
