7.205647150548622100e-03
7.585677480498501102e-03
7.564539260255122473e-03
7.537081914922774857e-03
7.493553494103195010e-03
7.431152147042988793e-03
7.350526072695711018e-03
7.253548782339010702e-03
7.142620780712633996e-03
7.020678564003251035e-03
6.625593922074623186e-03
6.961068996067769007e-03
8.488998734383728512e-03
1.093587599113998027e-02
1.215475529548395647e-02
1.313591233288786964e-02
1.417043817961180854e-02
1.557586315771787057e-02
1.709411255533791613e-02
1.882706082350721344e-02
2.104031184605019075e-02
2.529748856796271150e-02
2.804480935799182409e-02
3.103205793881490954e-02
3.328283525728731318e-02
3.277253466491549666e-02
2.892985485755845618e-02
2.389784381424457996e-02
1.682139129049054979e-02
5.215260332047616174e-03
7.712085679221580923e-05
3.400844678807237457e-11
1.126493258987696786e-18
6.074195731407565817e-27
7.571877002174183092e-36
2.769832104758135230e-45
3.543340942115079574e-55
1.808920697664243747e-65
4.073127898750296981e-76
4.360963220516294163e-87
2.348461953849214053e-98
6.613357205858878554e-110
9.986575944569992084e-122
8.193797899946916120e-134
3.662549973799746496e-146
8.876910020803973551e-159
1.159541746411197901e-171
8.136330104487826256e-185
3.126704096783090242e-198
6.959841419847416237e-212
8.200997318398740650e-217
2.791911605985297625e-227
6.380048900684445430e-239
5.052509181768207234e-251
1.771508502872826311e-263
3.544343001836011108e-276
6.416127673072849230e-286
3.390809988341241201e-294
2.019337333809706806e-301
8.724401561944693181e-308
1.811839452563813593e-313
1.871033418906713272e-316
5.407908139142943328e-305
1.605895095917796732e-293
4.274118371818889358e-282
9.350782060340617876e-271
1.743700419418831194e-259
4.568776679845443466e-248
1.265100497067757188e-236
1.874901116054105181e-226
2.359835693514538974e-217
1.022428306706221711e-208
1.111543150043292408e-200
2.413220377826263954e-203
5.456895996123027554e-212
2.082662999249721115e-220
2.659959118393606320e-226
6.153245357553592634e-231
8.904836590176254946e-235
4.718133674556999526e-238
6.650535478219007007e-241
2.021620487681195896e-243
1.143837759907682645e-245
1.081215794289893219e-247
1.573111550500500900e-249
3.305005529975813243e-251
9.531368895968120349e-253
3.621367114982433801e-254
1.752797885320697401e-255
1.051066386588785808e-256
7.628172414098125452e-258
6.568768173733325970e-259
6.599278935519708326e-260
7.623378433806473504e-261
9.999361819230215345e-262
1.473121353727533954e-262
2.414141756575685388e-263
4.364067330950781004e-264
8.637735060693215540e-265
1.859515020825445658e-265
4.328560084913093559e-266
1.083729938495634127e-266
2.904631453900064550e-267
8.298025654345432828e-268
2.517261918335221842e-268
8.079920283006517731e-269
2.735661085958155069e-269
9.741201444611749121e-270
3.638450839945091558e-270
1.422136077498712632e-270
5.803876546519838411e-271
2.468122564807338738e-271
1.091620896817888678e-271
5.012887467572227912e-272
2.386348705294800573e-272
1.175816218638602654e-272
5.989199535928624034e-273
3.149491382422166503e-273
1.707959762238564943e-273
9.541131333858951242e-274
5.484974539286872162e-274
3.241805969374134064e-274
1.968296902494947789e-274
1.226654185241921237e-274
7.840325824240989599e-275
5.136148369846133953e-275
3.446618124517899736e-275
2.367820503736792274e-275
1.664302568053777796e-275
1.196378014131983990e-275
8.790842660671562110e-276
6.599777850040727698e-276
5.060458832150872451e-276
3.961885327609322988e-276
3.165596640861975075e-276
2.580934573214527030e-276
2.146489213898691377e-276
1.820488195222966055e-276
1.574245268474238370e-276
1.387700955005162593e-276
1.246805100942658339e-276
1.141598219130564927e-276
1.065042506166020456e-276
1.012433730454081748e-276
9.804779186962148042e-277
9.673630461376706337e-277
9.722437671049857506e-277
9.954166597246622656e-277
1.038223205672668616e-276
1.103172105621141866e-276
1.194153958886723246e-276
1.317067869575901885e-276
1.480220532000233470e-276
1.695255513549341833e-276
1.978768929879197189e-276
2.354676357708114764e-276
2.856608180182464394e-276
3.534180497751699668e-276
4.459954236983661858e-276
5.741909095636770532e-276
7.544907613363905670e-276
1.012027406952244182e-275
1.386247887883090085e-275
1.939673302206225206e-275
2.773595985642855075e-275
4.054707401477703346e-275
6.062465504284271787e-275
9.275399290188364543e-275
1.452844529737269235e-274
2.330931495751828324e-274
3.832707038126101251e-274
6.462543805150955276e-274
1.118157060791147882e-273
1.986419594075887391e-273
3.625689005962692702e-273
6.804423693530010439e-273
1.314007285924757658e-272
2.612958474573439234e-272
5.354879501735977990e-272
1.131739002238675295e-271
2.468896203714349484e-271
5.562937553761655955e-271
1.295518532435465841e-270
3.119725041624876880e-270
7.769204377277511586e-270
1.999847144416387770e-269
5.310730715174591554e-269
1.447831454547204821e-268
3.997261869133647794e-268
1.060754231387490420e-267
1.018932652396529950e-267
2.654431135924721955e-269
5.088938679907184672e-271
9.402759938278282398e-273
1.730440552054986304e-274
3.206588336826775297e-276
6.012095047764674979e-278
1.143481059974530198e-279
2.209463038922638969e-281
4.340770738076275376e-283
8.675213796464534015e-285
1.764351505654533647e-286
3.652131372385391095e-288
7.695083129344684527e-290
1.650329548548889734e-291
3.603147024378439331e-293
8.006701685943994804e-295
1.810774002349649241e-296
4.167949709022470529e-298
9.762783400995931550e-300
2.326667070614636067e-301
5.641280883223966651e-303
1.391456856657678296e-304
3.490814481389849406e-306
8.906801949998489321e-308
2.310832888475488048e-309
6.095492965943863715e-311
1.634597836135108280e-312
4.455895777655478535e-314
1.234597416366679992e-315
