8.846650222904933400e-03
9.118922134501421944e-03
9.368860939017582129e-03
9.563220416764635703e-03
9.694650806407849319e-03
9.768400024474476265e-03
9.791892598591932922e-03
9.772327595991460100e-03
9.716371718751981232e-03
9.630601197860140517e-03
9.487080640502328424e-03
1.021418321837473837e-02
1.234121686002450508e-02
1.538941676330947070e-02
1.673762965833185123e-02
1.780391495704978719e-02
1.892660771775882614e-02
2.054326110783693746e-02
2.227492924534601321e-02
2.423507379371659873e-02
2.671356265202642216e-02
3.144865287024578571e-02
3.437638126192889970e-02
3.747448632824264964e-02
3.974825975448862542e-02
3.939949567701998140e-02
3.545412599005003107e-02
2.996583881283647333e-02
2.166391220304531018e-02
7.027020501855294442e-03
1.132566254211512028e-04
4.994345342154748057e-11
1.654323232123362972e-18
8.920322456223285820e-27
1.111975765104345315e-35
4.067665353009079191e-45
5.203609691497379265e-55
2.656509048180144777e-65
5.981633761721437184e-76
6.404337276388819787e-87
3.448857895076858194e-98
9.712113570758849236e-110
1.466588855517232678e-121
1.203308596572243877e-133
5.378675337937290339e-146
1.303627727881954597e-158
1.702856927371895707e-171
1.194869104514181847e-184
4.591753378028923484e-198
1.022094651777563540e-211
1.204365874554832512e-216
4.100090431048702031e-227
9.369486265696926473e-239
7.419914192320103068e-251
2.601566985709409699e-263
5.205081276580634047e-276
9.422470117018204908e-286
4.979608794525533228e-294
2.965518557845122681e-301
1.281230941698524112e-307
2.660795415613823802e-313
2.747725289182402739e-316
7.941838977192583260e-305
2.358353717906092627e-293
6.276800382897342087e-282
1.373218692391021970e-270
2.560729139471332394e-259
6.709523864034320592e-248
1.857876313570432934e-236
2.753405268496332809e-226
3.465560917144981887e-217
1.501497578853354708e-208
1.632368096260650141e-200
3.543959542961725915e-203
8.013780597124601876e-212
3.058516113481831412e-220
3.906310251702083633e-226
9.036411595666117192e-231
1.307728912876844811e-234
6.928863610863786667e-238
9.766712104043333691e-241
2.968871506885850617e-243
1.679794676885758916e-245
1.587830546842195425e-247
2.310209105958800118e-249
4.853599776929411183e-251
1.399738957400213658e-252
5.318195828128278793e-254
2.574089316351964637e-255
1.543554324861498360e-256
1.120243085575615894e-257
9.646631890194292231e-259
9.691438782423991897e-260
1.119539060681764465e-260
1.468466538257423994e-261
2.163367476693523286e-262
3.545312643176572995e-263
6.408895849612288542e-264
1.268503443746515331e-264
2.730809860503110355e-265
6.356751319176608010e-266
1.591522719108016593e-266
4.265626320091116000e-267
1.218615070371161509e-267
3.696750814633021963e-268
1.186584982309995491e-268
4.017483152791622861e-269
1.430554131597418067e-269
5.343284307683248117e-270
2.088492526232332369e-270
8.523342444065641950e-271
3.624586712891526106e-271
1.603111066905103638e-271
7.361727317460448063e-272
3.504496872590531826e-272
1.726756970520430160e-272
8.795500421381033724e-273
4.625217880127782483e-273
2.508241830707672779e-273
1.401172630231904411e-273
8.055015629744230840e-274
4.760787413846732682e-274
2.890562608816644997e-274
1.801415587919845780e-274
1.151399092269247959e-274
7.542743380022123444e-275
5.061566405440591512e-275
3.477287092112635401e-275
2.444128610310672631e-275
1.756953206234647179e-275
1.290988217413643901e-275
9.692171468462187421e-276
7.431588732944625517e-276
5.818267342640497187e-276
4.648869422632596713e-276
3.790257945170549607e-276
3.152248755794463183e-276
2.673496615390378306e-276
2.311874039119889501e-276
2.037922473826263662e-276
1.831008421899382092e-276
1.676505776302189689e-276
1.564079098646943261e-276
1.486819941364423020e-276
1.439890906174364577e-276
1.420630925533704760e-276
1.427798558381324798e-276
1.461829347567469781e-276
1.524693339769598503e-276
1.620074713096383882e-276
1.753687047087751344e-276
1.934193531597895991e-276
2.173793047776001497e-276
2.489584875962871859e-276
2.905941412063777070e-276
3.457984121617098867e-276
4.195101248804808386e-276
5.190157026951012749e-276
6.549711549165752957e-276
8.432339508350392479e-276
1.108015147842857496e-275
1.486223230817349783e-275
2.035788557197200092e-275
2.848527126964583914e-275
4.073192838895790621e-275
5.954582151476838658e-275
8.903095910841559575e-275
1.362148278345509019e-274
2.133589738803715195e-274
3.423113360993869036e-274
5.628561240386414131e-274
9.490635003962249927e-274
1.642081022741186159e-273
2.917176873457609096e-273
5.324542785465398564e-273
9.992706221369668978e-273
1.929698880078638425e-272
3.837286974042748753e-272
7.863963227710495448e-272
1.662026922190399059e-271
3.625722848245138238e-271
8.169509014469762311e-271
1.902547031466756279e-270
4.581504214978548606e-270
1.140954479212294891e-269
2.936896040262703465e-269
7.799128074285610410e-269
2.126227735804460940e-268
5.870219925622182330e-268
1.557781508727742092e-267
1.496363999855118840e-267
3.898192076336096274e-269
7.473413105540476257e-271
1.380851956979395283e-272
2.541256225221858051e-274
4.709068198273422455e-276
8.829123860171760892e-278
1.679270841539559447e-279
3.244729612578646343e-281
6.374683399147875554e-283
1.274007421937456943e-284
2.591056504021215806e-286
5.363374993946327567e-288
1.130069327306509798e-289
2.423608389168271525e-291
5.291438527152804035e-293
1.175832390123795713e-294
2.659230737788855562e-296
6.120885303968766062e-298
1.433723571943033211e-299
3.416850795710116718e-301
8.284560914671874014e-303
2.043438241729667879e-304
5.126471418733073185e-306
1.308017537809794447e-307
3.393597345087608790e-309
8.951598728488850663e-311
2.400505421509805005e-312
6.543751457099816440e-314
1.813080699466428613e-315
