3.536298777817788506e-71
5.415219041358243660e-71
7.049485351673743772e-71
8.527178503802686899e-71
9.902371146857432132e-71
1.120647886479907055e-70
1.245899472305460344e-70
1.367281116803837057e-70
1.485702977042003253e-70
1.601864166092945841e-70
1.390626807895829967e-70
9.965941456923512648e-71
5.788337887684773396e-71
3.767980693469872065e-72
4.125653985870060832e-130
1.063507306929760090e-175
4.522168201431297135e-200
1.122234830337497516e-215
1.672422529869436870e-229
1.517258074253693778e-241
2.515386281341690781e-251
3.050933981161351893e-260
3.290106275757424677e-265
6.531293687073565150e-266
2.839324191128989777e-266
1.813440894283948830e-266
1.339691337110170711e-266
1.138003148467818987e-264
1.458637040313377975e-252
7.982582820523408467e-232
1.521060284929801592e-242
9.186171323553982815e-254
7.096525215858135640e-265
7.760108416122296631e-276
1.093193227092877264e-286
1.667543076449335729e-297
2.169353251594372869e-308
2.458816499658131676e-319
8.266212320569895931e-320
8.191114342402026456e-320
8.104652854379808311e-320
7.579955138496404481e-320
7.542406149412469743e-320
7.522149457932978635e-320
7.501892766453487527e-320
7.468296302536282762e-320
7.449521807994315393e-320
7.431735444744030518e-320
7.399127112118508246e-320
7.380846683222382123e-320
7.538453624245739771e-320
7.537959558599898525e-320
7.537959558599898525e-320
7.522643523578819882e-320
7.538453624245739771e-320
7.538453624245739771e-320
7.622444784038751684e-320
7.642701475518242792e-320
7.717305388040271020e-320
7.806731269937536645e-320
7.947045913356450663e-320
8.130838333609394378e-320
8.356132268113002802e-320
1.893403139429509762e-307
2.520166895581991449e-283
3.803194321139836363e-258
9.290101660518300752e-232
3.271601333248587034e-201
9.937389333242185927e-162
3.422104345351351630e-121
1.923311557096548076e-84
2.466545702083062368e-54
2.778918085853528694e-28
1.618213597384344649e-08
1.944408785351366478e-02
3.086514922274784939e-02
4.103731434133936484e-02
5.056182983508029222e-02
5.966784978953323937e-02
6.846933913289254825e-02
7.703185237294643550e-02
8.539687182618839467e-02
9.359253425601087029e-02
1.016389738809362481e-01
1.095512332562609964e-01
1.173409725711205553e-01
1.250175032248626028e-01
1.325884634885527713e-01
1.400602562915440885e-01
1.474383559379810194e-01
1.547275084586076654e-01
1.619319092409583216e-01
1.690552897275099109e-01
1.761010168323748626e-01
1.830721517595553793e-01
1.899714904480779010e-01
1.968016338992668313e-01
2.035649714326948911e-01
2.102637496488310442e-01
2.169000595968561262e-01
2.234758741231889778e-01
2.299930626817060508e-01
2.364533808670088444e-01
2.428585151375063089e-01
2.492100478475231806e-01
2.555095092148171321e-01
2.617583457256175694e-01
2.679579650187354223e-01
2.741096935156430159e-01
2.802148217938670860e-01
2.862745868065343369e-01
2.922901853176666509e-01
2.982627684938140566e-01
3.041934621176158315e-01
3.100833243820647622e-01
3.159334231411117799e-01
3.217447687910796605e-01
3.275183425259169390e-01
3.332551071071626625e-01
3.389559998923314943e-01
3.446219284543705075e-01
3.502537897368818154e-01
3.558524337766773571e-01
3.614187225392804237e-01
3.669534848786674130e-01
3.724575371544519009e-01
3.779316642056609887e-01
3.833766607747111643e-01
3.887932944196240692e-01
3.941823129132823733e-01
3.995444714567465971e-01
4.048804988696557694e-01
4.101911215115289777e-01
4.154770474842234829e-01
4.207389927161115928e-01
4.259776442159173282e-01
4.311937071094589236e-01
4.363878620903559047e-01
4.415607978200462580e-01
4.467131862618872185e-01
4.518457019501975203e-01
4.569590243661627582e-01
4.620538234971650615e-01
4.671307653074615596e-01
4.721905214697019182e-01
4.772337690030156732e-01
4.822611782059268437e-01
4.872734291117480354e-01
4.922711890791822142e-01
4.972551605217951365e-01
5.022260291206586125e-01
5.071844816342933049e-01
5.121312275784494217e-01
5.170669833304355478e-01
5.219924830385436199e-01
5.269084357091815551e-01
5.318156060807421870e-01
5.367147514637904404e-01
5.416066485129922281e-01
5.464920870179835743e-01
5.513718689561448727e-01
5.562468365920170132e-01
5.611178360660489250e-01
5.659857372685835886e-01
5.708514439327005974e-01
5.757158795846899491e-01
5.805799981412865796e-01
5.854447884758245957e-01
5.903112699398078700e-01
5.951805026468355297e-01
6.000535803058288931e-01
6.049316476264309239e-01
6.098158891457711173e-01
6.147075390734751954e-01
6.196078942499992914e-01
6.245182919753653472e-01
6.294401446451785009e-01
6.343749348884377692e-01
6.393241989863016617e-01
6.442895822984261445e-01
6.492727814119434449e-01
6.542756072957999214e-01
6.592999581042952029e-01
6.643478461634148013e-01
6.694213939933749691e-01
6.745228577477976328e-01
6.796546243386704100e-01
6.848192378989662599e-01
6.900193945533831252e-01
6.952579828547145180e-01
6.998695415299746037e-01
7.010822450906010195e-01
7.022613023709063373e-01
7.034272190113072254e-01
7.045801303283885098e-01
7.057201694556963778e-01
7.068474678308238612e-01
7.079621546965928491e-01
7.090643568725445434e-01
7.101542001389173908e-01
7.112318076668595612e-01
7.122973012361937251e-01
7.133508005479201053e-01
7.143924236764068736e-01
7.154222871126385552e-01
7.164405047125892434e-01
7.174471902316021943e-01
7.184424546828085401e-01
7.194264074707173995e-01
7.203991567714759237e-01
7.213608092845592568e-01
7.223114702663638864e-01
7.232512426343650214e-01
7.241802291139154413e-01
7.250985300690736546e-01
7.260062447494910476e-01
7.269034710788233600e-01
7.277903056576227048e-01
7.286668435376092434e-01
7.295331787610950247e-01
