3.360033968690560174e-02
3.360072869412238789e-02
3.360102074063221755e-02
3.360124013399706788e-02
3.360140968592807698e-02
3.360154439607752203e-02
3.360165398152946403e-02
3.360174490190008523e-02
3.360182158759814075e-02
3.360188716700704403e-02
3.360187533458743048e-02
3.360178699137448405e-02
3.360171557525838681e-02
3.360153765316572366e-02
3.095923434355665055e-02
2.893035324445931977e-02
2.786789271672650281e-02
2.718565607895832500e-02
2.658070573748256421e-02
2.605466325479466674e-02
2.563049755752621131e-02
3.397323452367560781e-02
3.395822102972032019e-02
3.422910928839358741e-02
3.457928843278054026e-02
3.390270666682736883e-02
3.439496645248339007e-02
3.622454775860924070e-02
3.932939709072415246e-02
4.049131207969379476e-02
4.025181817530532752e-02
3.995933174778355107e-02
3.966057852730005967e-02
3.935450549284422866e-02
3.903959316543235275e-02
3.871369262265197952e-02
3.837373508716445530e-02
3.801523560953366104e-02
3.763149697696211576e-02
3.720747139577450235e-02
3.675752962515158040e-02
3.632750425527867671e-02
3.591613779709714599e-02
3.552231198192005307e-02
3.514523623275356973e-02
3.478515113966335753e-02
3.444499009716721349e-02
3.413341212308700773e-02
3.386916768934395555e-02
3.368691808559737266e-02
3.502476552742948834e-02
3.483971130538057737e-02
3.464037318967727597e-02
3.443716894426331748e-02
3.423559990535796071e-02
3.403911073507639995e-02
3.378699878240147558e-02
3.402554951605352151e-02
3.436878415338025239e-02
3.468313751467962808e-02
3.493060028765977015e-02
3.513668172098795284e-02
3.530827655084670114e-02
3.544279134913175949e-02
3.564593887833270025e-02
3.590992784375834218e-02
3.621023262636664103e-02
3.669418919331213225e-02
3.882813464073815723e-02
3.933308800746927736e-02
3.756574380870754404e-02
2.673020244606526263e-02
2.546196558908777469e-02
3.950229177187661311e-02
2.494146007196514428e-02
2.461960974318657541e-02
2.438655326084233910e-02
2.420119399692757106e-02
2.404691932318148498e-02
2.391494287013151698e-02
2.379990353390053215e-02
2.369822923457946470e-02
2.360739185595236295e-02
2.352552661480416391e-02
2.345121204692703076e-02
2.338333846334844299e-02
2.332102203703283541e-02
2.326354622005881792e-02
2.321032380238965270e-02
2.316086630085952003e-02
2.311476484915056182e-02
2.307167072664428192e-02
2.303128906237040738e-02
2.299336354622153952e-02
2.295767466602652296e-02
2.292402919176187576e-02
2.289225978471823991e-02
2.286221793334274055e-02
2.283377185763378961e-02
2.280680615564488825e-02
2.278121734268732934e-02
2.275691136314517138e-02
2.273380588096694799e-02
2.271182488305825697e-02
2.269090136812966507e-02
2.267097296396517261e-02
2.265198451945894115e-02
2.263388496930517080e-02
2.261662739947362458e-02
2.260017007752726514e-02
2.258447376278877039e-02
2.256950351835800353e-02
2.255522520411296084e-02
2.254160887514436440e-02
2.252862744144828316e-02
2.251625467194814587e-02
2.250446668473199754e-02
2.249324209799219779e-02
2.248255993350253834e-02
2.247240064396345549e-02
2.246274893699715114e-02
2.245358556285530216e-02
2.244489887368664172e-02
2.243667222340825149e-02
2.242889408361393305e-02
2.242155189824399444e-02
2.241463436694905026e-02
2.240813231695534466e-02
2.240203439116263476e-02
2.239633313678243351e-02
2.239101992582442566e-02
2.238608743208722954e-02
2.238152808496244109e-02
2.237733782476397648e-02
2.237350765759958324e-02
2.237003525448098135e-02
2.236691463789397885e-02
2.236414151167239600e-02
2.236171209333325666e-02
2.235962288348693205e-02
2.235787257545781767e-02
2.235645636507579970e-02
2.235537392469177584e-02
2.235462286090872733e-02
2.235420282798271027e-02
2.235411247880210797e-02
2.235435097325519371e-02
2.235491849329074993e-02
2.235581523926033834e-02
2.235704224946229862e-02
2.235860031342528156e-02
2.236049218529893856e-02
2.236271832951334734e-02
2.236528153936575766e-02
2.236818305669300427e-02
2.237142868054355083e-02
2.237502025651456547e-02
2.237896141650881979e-02
2.238325658573381283e-02
2.238791114717405759e-02
2.239292976852045106e-02
2.239831887959349219e-02
2.240408309979776552e-02
2.241023106327785785e-02
2.241676841975652132e-02
2.242370306694746115e-02
2.243104451944957778e-02
2.243880047117439297e-02
2.244698066306079209e-02
2.245559479821922569e-02
2.246465440726159307e-02
2.247417104474033409e-02
2.248415675829778040e-02
2.249462384493967904e-02
2.250558605939502813e-02
2.251705985082823325e-02
2.252905947640640796e-02
2.254160117047598888e-02
2.255470444903707322e-02
2.256838624801347018e-02
2.258266707681129415e-02
2.259756802685861793e-02
2.261311202609461377e-02
2.262932104392450031e-02
2.264622305143139391e-02
2.266384364905754678e-02
2.268221144826947783e-02
2.270135738514766563e-02
2.272131520615926562e-02
2.274211739307096386e-02
2.274824955207896751e-02
2.267565483723244305e-02
2.260296814788848377e-02
2.253065873536084715e-02
2.245872296887601108e-02
2.238715711503631162e-02
2.231595708055951130e-02
2.224511860625998441e-02
2.217463943400409254e-02
2.210451450052954014e-02
2.203474114088608063e-02
2.196531536940897478e-02
2.189623400741764689e-02
2.182749307702308572e-02
2.175908938378608160e-02
2.169102075897994322e-02
2.162328260153631790e-02
2.155587156987035305e-02
2.148878570146671094e-02
2.142202138551620866e-02
2.135557526036486325e-02
2.128944336106466939e-02
2.122362556552479310e-02
2.115811636458773959e-02
2.109291305781152426e-02
2.102801373790524897e-02
2.096341526296979785e-02
2.089911419385413055e-02
2.083510888429506921e-02
2.077139518604470547e-02
