3.348670669307794723e-02
3.434633099441414955e-02
3.372760242434971051e-02
3.319996169451474438e-02
3.273404811297103700e-02
3.229818499799283482e-02
3.186893391318805502e-02
3.142942216922221116e-02
3.096824386720294434e-02
3.047988896695048161e-02
2.874845007718751511e-02
2.944424541869642559e-02
3.426445406816717998e-02
3.653604509958258140e-02
3.716993830452165748e-02
3.759931644255265493e-02
3.801547225277772390e-02
3.826501023598740531e-02
3.853372102143064193e-02
3.886234236928475666e-02
3.934528740808204694e-02
4.000340892629508649e-02
4.000342030695380052e-02
4.000337315929940879e-02
4.000332998561902803e-02
4.000331287535952018e-02
4.000326125683967282e-02
4.000317804397784949e-02
3.910560606059124839e-02
2.344260668842922460e-02
3.854012263843925199e-04
1.700422338984268208e-10
5.632466294938486625e-18
3.037097865703783841e-26
3.785938501087083795e-35
1.384916052379068704e-44
1.771670471057540584e-54
9.044603488321214728e-65
2.036563949375147999e-75
2.180481610258152707e-86
1.174230976924606572e-97
3.306678602929434077e-109
4.993287972284990238e-121
4.096898949973456789e-133
1.831274986899870269e-145
4.438455010401986978e-158
5.797708732055995708e-171
4.068165052243914565e-184
1.563352048391546532e-197
3.479920709923706324e-211
4.100498659199363079e-216
1.395955802992648437e-226
3.190024450342221351e-238
2.526254590884100593e-250
8.857542514364125206e-263
1.772171500918003991e-275
3.208063836536425455e-285
1.695404994170620114e-293
1.009668666904854522e-300
4.362200780972345108e-307
9.059197262819067965e-313
9.355167045127001776e-316
2.703954069571471664e-304
8.029475479588990611e-293
2.137059185909439939e-281
4.675391030170307151e-270
8.718502097094150771e-259
2.284388339922715858e-247
6.325502485338791614e-236
9.374505580270540902e-226
1.179917846757267393e-216
5.112141533531096668e-208
5.557715750216448260e-200
1.206610188913132373e-202
2.728447998061512089e-211
1.041331499624860361e-219
1.329979559196803760e-225
3.076622678776797804e-230
4.452418295088118395e-234
2.359066837278497922e-237
3.325267739109503104e-240
1.010810243840599431e-242
5.719188799538412616e-245
5.406078971449464187e-247
7.865557752502510702e-249
1.652502764987908288e-250
4.765684447984062840e-252
1.810683557491219323e-253
8.763989426603506171e-255
5.255331932943920465e-256
3.814086207049064482e-257
3.284384086866663100e-258
3.299639467759858640e-259
3.811689216903231968e-260
4.999680909615108575e-261
7.365606768637663283e-262
1.207070878287843364e-262
2.182033665475392882e-263
4.318867530346602371e-264
9.297575104127204601e-265
2.164280042456544301e-265
5.418649692478177004e-266
1.452315726950033050e-266
4.149012827172710496e-267
1.258630959167612911e-267
4.039960141503259538e-268
1.367830542979081536e-268
4.870600722305881454e-269
1.819225419972545737e-269
7.110680387493557905e-270
2.901938273259916789e-270
1.234061282403667898e-270
5.458104484089438265e-271
2.506443733786113693e-271
1.193174352647400221e-271
5.879081093193012451e-272
2.994599767964311606e-272
1.574745691211084524e-272
8.539798811192828615e-273
4.770565666929478905e-273
2.742487269643439262e-273
1.620902984687063287e-273
9.841484512474730482e-274
6.133270926209611828e-274
3.920162912120490567e-274
2.568074184923069349e-274
1.723309062258950894e-274
1.183910251868395848e-274
8.321512840268901164e-275
5.981890070659913698e-275
4.395421330335782498e-275
3.299888925020363689e-275
2.530229416075435664e-275
1.980942663804655161e-275
1.582798320430987778e-275
1.290467286607262673e-275
1.073244606949344927e-275
9.102440976114827469e-276
7.871226342371191047e-276
6.938504775025815972e-276
6.234025504713294703e-276
5.707991095652820827e-276
5.325212530830096667e-276
5.062168652270408740e-276
4.902389593481068409e-276
4.836815230688353770e-276
4.861218835524926749e-276
4.977083298623293491e-276
5.191116028363354703e-276
5.515860528105712338e-276
5.970769794433611422e-276
6.585339347879514034e-276
7.401102660001176166e-276
8.476277567746706560e-276
9.893844649395972718e-276
1.177338178854058624e-275
1.428304090091230674e-275
1.767090248875848591e-275
2.229977118491828524e-275
2.870954547818385987e-275
3.772453806681957485e-275
5.060137034761218182e-275
6.931239439415446415e-275
9.698366511031117693e-275
1.386797992821427987e-274
2.027353700738854302e-274
3.031232752142138715e-274
4.637699645094178424e-274
7.264222648686343866e-274
1.165465747875913854e-273
1.916353519063049138e-273
3.231271902575476099e-273
5.590785303955734692e-273
9.932097970379447217e-273
1.812844502981344258e-272
3.402211846765011951e-272
6.570036429623790095e-272
1.306479237286720405e-271
2.677439750867991293e-271
5.658695011193367676e-271
1.234448101857175162e-270
2.781468776880829659e-270
6.477592662177334461e-270
1.559862520812438608e-269
3.884602188638757474e-269
9.999235722081949946e-269
2.655365357587295575e-268
7.239157272736030831e-268
1.998630934566824112e-267
5.303771156937449518e-267
5.094663261982653625e-267
1.327215567962358960e-268
2.544469339953595804e-270
4.701379969139136766e-272
8.652202760274939985e-274
1.603294168413387689e-275
3.006047523882340746e-277
5.717405299872647271e-279
1.104731519461319087e-280
2.170385369038139790e-282
4.337606898232268501e-284
8.821757528272654238e-286
1.826065686192691100e-287
3.847541564672341694e-289
8.251647742744442615e-291
1.801573512189218887e-292
4.003350842971998097e-294
9.053870011748249192e-296
2.083974854511234331e-297
4.881391700497961001e-299
1.163333535307314967e-300
2.820640441611980800e-302
6.957284283288396133e-304
1.745407240694928181e-305
4.453400974999249008e-307
1.155416444237745012e-308
3.047746482971981264e-310
8.172989180670600742e-312
2.227947888728926138e-313
6.172987081833399961e-315
