6.435073258155856422e-03
1.013832574884440847e-02
1.407421798853638467e-02
1.820740755449019865e-02
2.247814669435425211e-02
2.684575143679875792e-02
3.128310745472910603e-02
3.577151209382184449e-02
4.029730997977364060e-02
4.484955101488010548e-02
5.060707413405961252e-02
5.606103646949225222e-02
6.090883095811581993e-02
6.508811113192235209e-02
6.890660588572405931e-02
7.256308526239257928e-02
7.584754031906906779e-02
7.802565446744715028e-02
7.956641124412795751e-02
8.014298688991690345e-02
7.886433324796789102e-02
7.001396760443733469e-09
1.156643271465526659e-15
1.719960236678164318e-16
6.238092396327684976e-17
3.596684483045339502e-17
2.470488572016195314e-17
1.671177798050727930e-14
1.403819347437790417e-02
1.662839572499580386e-138
6.203488249182691609e-320
6.169397719619645597e-320
6.169397719619645597e-320
6.169397719619645597e-320
6.169397719619645597e-320
6.169397719619645597e-320
6.169397719619645597e-320
6.169397719619645597e-320
6.169397719619645597e-320
6.169397719619645597e-320
6.169397719619645597e-320
6.169397719619645597e-320
6.169397719619645597e-320
6.169397719619645597e-320
6.169397719619645597e-320
6.169397719619645597e-320
6.169397719619645597e-320
6.169397719619645597e-320
6.169397719619645597e-320
6.169397719619645597e-320
6.169397719619645597e-320
6.169397719619645597e-320
6.169397719619645597e-320
6.169397719619645597e-320
6.169397719619645597e-320
6.169397719619645597e-320
6.169397719619645597e-320
6.169397719619645597e-320
6.169397719619645597e-320
6.169397719619645597e-320
6.169397719619645597e-320
6.169397719619645597e-320
6.169397719619645597e-320
6.169397719619645597e-320
6.169397719619645597e-320
6.169397719619645597e-320
6.169397719619645597e-320
6.169397719619645597e-320
6.169397719619645597e-320
6.169397719619645597e-320
6.169397719619645597e-320
6.169397719619645597e-320
6.169397719619645597e-320
6.169397719619645597e-320
6.169397719619645597e-320
6.169397719619645597e-320
6.169397719619645597e-320
6.169397719619645597e-320
6.169397719619645597e-320
6.169397719619645597e-320
6.169397719619645597e-320
6.169397719619645597e-320
6.169397719619645597e-320
6.169397719619645597e-320
6.169397719619645597e-320
6.169397719619645597e-320
6.169397719619645597e-320
6.169397719619645597e-320
6.169397719619645597e-320
6.169397719619645597e-320
6.169397719619645597e-320
6.169397719619645597e-320
6.169397719619645597e-320
6.169397719619645597e-320
6.169397719619645597e-320
6.169397719619645597e-320
6.169397719619645597e-320
6.169397719619645597e-320
6.169397719619645597e-320
6.169397719619645597e-320
6.169397719619645597e-320
6.169397719619645597e-320
6.169397719619645597e-320
6.169397719619645597e-320
6.169397719619645597e-320
6.169397719619645597e-320
6.169397719619645597e-320
6.169397719619645597e-320
6.169397719619645597e-320
6.169397719619645597e-320
6.169397719619645597e-320
6.169397719619645597e-320
6.169397719619645597e-320
6.169397719619645597e-320
6.169397719619645597e-320
6.169397719619645597e-320
6.169397719619645597e-320
6.169397719619645597e-320
6.169397719619645597e-320
6.169397719619645597e-320
6.169397719619645597e-320
6.169397719619645597e-320
6.169397719619645597e-320
6.169397719619645597e-320
6.169397719619645597e-320
6.169397719619645597e-320
6.169397719619645597e-320
6.169397719619645597e-320
6.169397719619645597e-320
6.169397719619645597e-320
6.169397719619645597e-320
6.169397719619645597e-320
6.169397719619645597e-320
6.169397719619645597e-320
6.169397719619645597e-320
6.169397719619645597e-320
6.169397719619645597e-320
6.169397719619645597e-320
6.169397719619645597e-320
6.169397719619645597e-320
6.169397719619645597e-320
6.169397719619645597e-320
6.169397719619645597e-320
6.169397719619645597e-320
6.169397719619645597e-320
6.169397719619645597e-320
6.169397719619645597e-320
6.169397719619645597e-320
6.169397719619645597e-320
6.169397719619645597e-320
6.169397719619645597e-320
6.169397719619645597e-320
6.169397719619645597e-320
6.169397719619645597e-320
6.169397719619645597e-320
6.169397719619645597e-320
6.169397719619645597e-320
6.169397719619645597e-320
6.169397719619645597e-320
6.169397719619645597e-320
6.169397719619645597e-320
6.169397719619645597e-320
6.169397719619645597e-320
6.169397719619645597e-320
6.169397719619645597e-320
6.169397719619645597e-320
6.169397719619645597e-320
6.169397719619645597e-320
6.169397719619645597e-320
6.169397719619645597e-320
6.169397719619645597e-320
6.169397719619645597e-320
6.169397719619645597e-320
6.169397719619645597e-320
6.169397719619645597e-320
6.169397719619645597e-320
6.169397719619645597e-320
6.169397719619645597e-320
6.169397719619645597e-320
6.169397719619645597e-320
6.169397719619645597e-320
6.169397719619645597e-320
6.169397719619645597e-320
6.169397719619645597e-320
6.169397719619645597e-320
6.169397719619645597e-320
6.169397719619645597e-320
6.169397719619645597e-320
6.169397719619645597e-320
6.169397719619645597e-320
6.169397719619645597e-320
6.169397719619645597e-320
6.169397719619645597e-320
6.169397719619645597e-320
6.169397719619645597e-320
6.169397719619645597e-320
6.169397719619645597e-320
6.169397719619645597e-320
6.169397719619645597e-320
6.169397719619645597e-320
6.169397719619645597e-320
6.169397719619645597e-320
6.169397719619645597e-320
6.169397719619645597e-320
6.169397719619645597e-320
6.169397719619645597e-320
6.169397719619645597e-320
6.169397719619645597e-320
6.169397719619645597e-320
6.169397719619645597e-320
6.169397719619645597e-320
6.169397719619645597e-320
6.169397719619645597e-320
6.169397719619645597e-320
6.169397719619645597e-320
6.169397719619645597e-320
6.169397719619645597e-320
6.169397719619645597e-320
6.169397719619645597e-320
6.169397719619645597e-320
