6.169397719619645597e-320
6.169397719619645597e-320
6.169397719619645597e-320
6.169397719619645597e-320
6.169397719619645597e-320
6.169397719619645597e-320
6.169397719619645597e-320
6.169397719619645597e-320
6.169397719619645597e-320
6.169397719619645597e-320
6.169397719619645597e-320
6.169397719619645597e-320
6.169397719619645597e-320
6.169397719619645597e-320
6.169397719619645597e-320
6.169397719619645597e-320
6.169397719619645597e-320
6.169397719619645597e-320
6.169397719619645597e-320
6.169397719619645597e-320
6.169397719619645597e-320
6.472754026166170975e-320
6.478682813916265934e-320
6.489058192478932111e-320
6.495975111520709563e-320
6.487575995541408372e-320
6.596764503272323858e-320
6.697059829378096906e-320
7.684697055414748748e-320
8.514233274782201696e-320
3.203485217840009300e-300
1.000186400516138082e-265
4.572613483915119014e-232
6.714744174850452384e-201
2.300572951866379658e-177
1.100628945805881807e-157
1.220745114295622637e-140
1.323397253612409566e-125
3.502747815198042300e-112
4.460399389094472116e-100
8.477011773810826626e-89
4.133163828249420489e-78
6.053549476122770746e-68
3.011198311718133189e-58
5.666009988838862332e-49
4.316333744061073876e-40
1.364306781657453993e-31
1.701752721095166782e-23
6.836593784640949795e-16
6.998867447808842667e-09
1.203840345711614246e-01
1.312577481670269830e-01
1.402820998583519385e-01
1.481545066028001623e-01
1.552343967721594442e-01
1.617354687866717489e-01
1.685293631641230361e-01
1.676195934821039790e-01
1.630963985961304541e-01
1.554364165957156374e-01
1.484011405480308576e-01
1.416160712448337466e-01
1.352106306302081895e-01
1.291982972408158570e-01
1.235309085436852444e-01
1.181505267411779581e-01
1.129368988700252679e-01
9.849705750371952340e-02
1.741693477019614841e-02
1.146168306412439669e-192
6.486093798603884632e-320
6.305265772225988397e-320
6.169397719619645597e-320
6.292914131079957233e-320
6.169397719619645597e-320
6.169397719619645597e-320
6.169397719619645597e-320
6.169397719619645597e-320
6.169397719619645597e-320
6.169397719619645597e-320
6.169397719619645597e-320
6.169397719619645597e-320
6.169397719619645597e-320
6.169397719619645597e-320
6.169397719619645597e-320
6.169397719619645597e-320
6.169397719619645597e-320
6.169397719619645597e-320
6.169397719619645597e-320
6.169397719619645597e-320
6.169397719619645597e-320
6.169397719619645597e-320
6.169397719619645597e-320
6.169397719619645597e-320
6.169397719619645597e-320
6.169397719619645597e-320
6.169397719619645597e-320
6.169397719619645597e-320
6.169397719619645597e-320
6.169397719619645597e-320
6.169397719619645597e-320
6.169397719619645597e-320
6.169397719619645597e-320
6.169397719619645597e-320
6.169397719619645597e-320
6.169397719619645597e-320
6.169397719619645597e-320
6.169397719619645597e-320
6.169397719619645597e-320
6.169397719619645597e-320
6.169397719619645597e-320
6.169397719619645597e-320
6.169397719619645597e-320
6.169397719619645597e-320
6.169397719619645597e-320
6.169397719619645597e-320
6.169397719619645597e-320
6.169397719619645597e-320
6.169397719619645597e-320
6.169397719619645597e-320
6.169397719619645597e-320
6.169397719619645597e-320
6.169397719619645597e-320
6.169397719619645597e-320
6.169397719619645597e-320
6.169397719619645597e-320
6.169397719619645597e-320
6.169397719619645597e-320
6.169397719619645597e-320
6.169397719619645597e-320
6.169397719619645597e-320
6.169397719619645597e-320
6.169397719619645597e-320
6.169397719619645597e-320
6.169397719619645597e-320
6.169397719619645597e-320
6.169397719619645597e-320
6.169397719619645597e-320
6.169397719619645597e-320
6.169397719619645597e-320
6.169397719619645597e-320
6.169397719619645597e-320
6.169397719619645597e-320
6.169397719619645597e-320
6.169397719619645597e-320
6.169397719619645597e-320
6.169397719619645597e-320
6.169397719619645597e-320
6.169397719619645597e-320
6.169397719619645597e-320
6.169397719619645597e-320
6.169397719619645597e-320
6.169397719619645597e-320
6.169397719619645597e-320
6.169397719619645597e-320
6.169397719619645597e-320
6.169397719619645597e-320
6.169397719619645597e-320
6.169397719619645597e-320
6.169397719619645597e-320
6.169397719619645597e-320
6.169397719619645597e-320
6.169397719619645597e-320
6.169397719619645597e-320
6.169397719619645597e-320
6.169397719619645597e-320
6.169397719619645597e-320
6.169397719619645597e-320
6.169397719619645597e-320
6.169397719619645597e-320
6.169397719619645597e-320
6.169397719619645597e-320
6.169397719619645597e-320
6.169397719619645597e-320
6.169397719619645597e-320
6.169397719619645597e-320
6.169397719619645597e-320
6.169397719619645597e-320
6.169397719619645597e-320
6.169397719619645597e-320
6.169397719619645597e-320
6.169397719619645597e-320
6.169397719619645597e-320
6.169397719619645597e-320
6.169397719619645597e-320
6.169397719619645597e-320
6.169397719619645597e-320
6.169397719619645597e-320
6.169397719619645597e-320
6.169397719619645597e-320
6.169397719619645597e-320
6.169397719619645597e-320
6.169397719619645597e-320
6.169397719619645597e-320
6.169397719619645597e-320
6.169397719619645597e-320
6.169397719619645597e-320
6.169397719619645597e-320
6.169397719619645597e-320
6.169397719619645597e-320
6.169397719619645597e-320
6.169397719619645597e-320
6.169397719619645597e-320
6.169397719619645597e-320
6.169397719619645597e-320
6.169397719619645597e-320
6.169397719619645597e-320
6.169397719619645597e-320
6.169397719619645597e-320
6.169397719619645597e-320
6.169397719619645597e-320
6.169397719619645597e-320
6.169397719619645597e-320
6.169397719619645597e-320
6.169397719619645597e-320
6.169397719619645597e-320
6.169397719619645597e-320
6.169397719619645597e-320
6.169397719619645597e-320
6.169397719619645597e-320
