5.759122241651369253e-03
9.129903556805995385e-03
1.214296461575508496e-02
1.491864971111241285e-02
1.753892436269059371e-02
2.005283749071426827e-02
2.249125522065511737e-02
2.487476248220683167e-02
2.721802242398629196e-02
2.953251835993237970e-02
2.531385751949017174e-02
1.761664638533972510e-02
9.752895092472428293e-03
4.988554388510871773e-04
1.361405026360437808e-67
2.689152147052199205e-117
7.662595748264448836e-144
7.790781120359229022e-161
6.878468644229637520e-176
5.339443847410937744e-189
1.203932610579648169e-199
2.368116971156648774e-209
9.289981022638901202e-215
1.599373526758976081e-215
6.461272934683160843e-216
3.966988490413657038e-216
2.853673381732351120e-216
3.592223148217037745e-214
5.439886122210534415e-201
2.055792240815280489e-178
4.381543631263853153e-190
2.681785649349001922e-202
2.149985131454450439e-214
2.519611671144136315e-226
3.894647169540746802e-238
6.570892134595076509e-250
9.330427404148432806e-262
7.899781941496325632e-274
2.467978792521930439e-286
1.650481685304239068e-299
1.477253357594909565e-312
7.829458289646233986e-320
7.804260941708330412e-320
7.765723821332713181e-320
7.742502735978174594e-320
7.721257913207000992e-320
7.684697055414748748e-320
7.664440363935257640e-320
7.644183672455766531e-320
7.608610945955196780e-320
7.805249073000012905e-320
7.803272810416647919e-320
7.861078490980073764e-320
7.918390105897658364e-320
7.916413843314293377e-320
7.885287707626294845e-320
7.894674954897278529e-320
7.933706140918737006e-320
7.999416871815622797e-320
8.099712197921395845e-320
8.235580250527738645e-320
5.216542220984571671e-317
1.522160217261999600e-305
4.520103871378952781e-294
1.203034174735301947e-282
2.631961444264866355e-271
4.907989477641487014e-260
1.285972972218253928e-248
3.560877979118843890e-237
5.277285149478285218e-227
6.642232447869945324e-218
2.877830973641577901e-209
3.128663447817122489e-201
6.792497293889335149e-204
1.535953459422281634e-212
5.862073880902120524e-221
7.486988734608831072e-227
1.731954167809932776e-231
2.506444370332346326e-235
1.328012968902267920e-238
1.871925900748737995e-241
5.690253784750243945e-244
3.219559128399157474e-246
3.043296944658867271e-248
4.427835145540951011e-250
9.302594487661158656e-252
2.682792944602388841e-253
1.019305598054437279e-254
4.933597057653215541e-256
2.958434539505205299e-257
2.147100134342320736e-258
1.848909764745896025e-259
1.857497551000257855e-260
2.145750526273097241e-261
2.814517908384726147e-262
4.146390904078719841e-263
6.795078398989172072e-264
1.228352834870457559e-264
2.431260843573027320e-265
5.233971510908798982e-266
1.218358510428480424e-266
3.050371325327886753e-267
8.175656997074661346e-268
2.335642602868227456e-268
7.085328813631827177e-269
2.274252437942613968e-269
7.700055846068783391e-270
2.741852553251929745e-270
1.024113457571062970e-270
4.002881243578836178e-271
1.633614983796168732e-271
6.947015299190086720e-272
3.072581167102003683e-272
1.410975490909585540e-272
6.716846308400694555e-273
3.309565217632622157e-273
1.685777570574449345e-273
8.864860487326264561e-274
4.807387255485752405e-274
2.685538229406367168e-274
1.543853453037138111e-274
9.124697332388690483e-275
5.540156741888336614e-275
3.452658151080840007e-275
2.206813033506306436e-275
1.445669382088473663e-275
9.701180457808953598e-276
6.664693572555767992e-276
4.684504780678202089e-276
3.367439644834286242e-276
2.474354370944473843e-276
1.857636359263187642e-276
1.424364942894526862e-276
1.115149966668397827e-276
8.910189603779391898e-277
7.264544015105767860e-277
6.041712702092654509e-277
5.124119171027857000e-277
4.431020368483506073e-277
3.905954971794417994e-277
3.509376077397856125e-277
3.213250762634809155e-277
2.997769754640817870e-277
2.849692074186270576e-277
2.759746189480707616e-277
2.722831802153015786e-277
2.736569520738808799e-277
2.801794120973142534e-277
2.922281463268304101e-277
3.105092773265428811e-277
3.361178899426871958e-277
3.707144017977419079e-277
4.166368936396317661e-277
4.771626740888253424e-277
5.569630428649440744e-277
6.627695044565513961e-277
8.040479846782761882e-277
9.947639005916179411e-277
1.255340937104429797e-276
1.616172081577676147e-276
2.123661104271010860e-276
2.848548114787467041e-276
3.901864488488077608e-276
5.459588023876708525e-276
7.806825713919348857e-276
1.141276312520591579e-275
1.706398906331103496e-275
2.610741652957289658e-275
4.089313693029641878e-275
6.560860368386709790e-275
1.078789994647591017e-274
1.819008743573302974e-274
3.147270699595469363e-274
5.591164628494667117e-274
1.020520753351516057e-273
1.915237521618518810e-273
3.698529345235395069e-273
7.354680416003035923e-273
1.507235114458720764e-272
3.185499834493244324e-272
6.949189250917621426e-272
1.565797141236650192e-271
3.646489311501762977e-271
8.781074022889808995e-271
2.186793981851258310e-270
5.628959591683316082e-270
1.494808693096309248e-269
4.075203938487627863e-269
1.125107310538922523e-268
2.985699704497920914e-268
2.867984712071766087e-268
7.471413626472677346e-270
1.432380828952104056e-271
2.646589559463280655e-273
4.870660907200358822e-275
9.025564711988882742e-277
1.692220602459190721e-278
3.218548666277127398e-280
6.218960665590485791e-282
1.221793702138720146e-283
2.441806155767925912e-285
4.966107018714880631e-287
1.027962607575246822e-288
2.165928949006203603e-290
4.645169114413507227e-292
1.014174768818912735e-293
2.253639416211531016e-295
5.096769538730633230e-297
1.173149013471321116e-298
2.747921534258667444e-300
6.548847545790490327e-302
1.587845800471090969e-303
3.916519646309174122e-305
9.825559652254835659e-307
2.506988181919396478e-308
6.504276490594779939e-310
1.715691706191381777e-311
4.600884070031075551e-313
1.254195271801507444e-314
3.474996046274726083e-316
