1.065693908614809282e-02
1.347341219731418814e-02
1.650100023664230475e-02
1.952462526685823721e-02
2.247041826121434771e-02
2.530973243607237064e-02
2.803239436105859489e-02
3.063666345662327192e-02
3.312480549151851361e-02
3.550088647026694577e-02
3.676513307902502109e-02
3.676531007724550409e-02
3.676547226784638439e-02
3.676562253916400985e-02
3.676588126034253945e-02
3.676611406253678382e-02
3.676629924927640736e-02
3.676646282296512636e-02
3.676661798634683898e-02
3.676676468462449637e-02
3.676690145982762503e-02
3.676705913921023833e-02
3.676717319167843723e-02
3.676727216694749417e-02
3.679441886063124223e-02
3.724338454549791511e-02
3.724349310157488296e-02
3.724358930200045298e-02
3.724366563430618615e-02
3.724370641422652256e-02
3.724384759148701568e-02
3.724396024560533425e-02
3.724408212361625392e-02
3.724420103216928568e-02
3.724431707033377947e-02
3.724443033148176763e-02
3.724454090390732358e-02
3.724464887114095624e-02
3.724475431186403257e-02
3.724485728853308558e-02
3.724495767070944846e-02
3.724505545807350881e-02
3.724515075084408600e-02
3.724524364142199617e-02
3.724533419799428563e-02
3.724542240675999399e-02
3.724550803338994714e-02
3.724559037152969099e-02
3.724566788887894581e-02
3.724573790187614419e-02
3.724571419064658800e-02
3.724577499113691792e-02
3.724583584687502641e-02
3.724589618386912881e-02
3.724595573708767982e-02
3.724605067584155910e-02
3.745136016145332591e-02
3.785415726945684511e-02
3.834931850770736256e-02
3.866842375096752465e-02
3.891431333661259095e-02
3.911771028738292300e-02
3.929394624171277800e-02
3.945275345977378167e-02
3.959970863658772433e-02
3.973800927491485946e-02
3.986952700958252410e-02
3.998309738403871272e-02
4.000773964938682953e-02
4.000869670795294958e-02
4.000910791203287492e-02
4.000784797425539080e-02
4.000773604005550266e-02
4.000775441200427746e-02
4.000782287503427265e-02
4.000788171261531606e-02
4.000792919553977645e-02
4.000797063721778929e-02
4.000800809876148972e-02
4.000804262701136704e-02
4.000807483752557431e-02
4.000810512851275119e-02
4.000813377570441864e-02
4.000816097978334568e-02
4.000818689300709302e-02
4.000821163532874286e-02
4.000823530258456467e-02
4.000825797467810058e-02
4.000827971795058863e-02
4.000830059007890599e-02
4.000832063999511939e-02
4.000833991105025300e-02
4.000835844179249923e-02
4.000837626649399181e-02
4.000839341595988780e-02
4.000840991778181061e-02
4.000842579754006895e-02
4.000844107844552661e-02
4.000845578198888863e-02
4.000846992732987745e-02
4.000848353283247005e-02
4.000849661539829238e-02
4.000850919043418691e-02
4.000852127256761953e-02
4.000853287517223966e-02
4.000854401100357310e-02
4.000855469152244520e-02
4.000856492786852847e-02
4.000857473049417717e-02
4.000858410841871132e-02
4.000859307127899167e-02
4.000860162677583043e-02
4.000860978337936191e-02
4.000861754786234903e-02
4.000862492725303088e-02
4.000863192793587680e-02
4.000863855574974398e-02
4.000864481628639557e-02
4.000865071420835889e-02
4.000865625486729055e-02
4.000866144177591538e-02
4.000866627972989031e-02
4.000867077151461226e-02
4.000867492085703747e-02
4.000867873076364989e-02
4.000868220366358974e-02
4.000868534167168616e-02
4.000868814708558041e-02
4.000869062160657824e-02
4.000869276647836537e-02
4.000869458278318025e-02
4.000869607142936574e-02
4.000869723322238170e-02
4.000869806772734683e-02
4.000869857558488063e-02
4.000869875612118876e-02
4.000869860884907064e-02
4.000869813279394477e-02
4.000869732702845571e-02
4.000869618982919734e-02
4.000869471959853096e-02
4.000869291412204737e-02
4.000869077130447121e-02
4.000868828826247003e-02
4.000868546203852072e-02
4.000868228959346407e-02
4.000867876717587729e-02
4.000867489088735102e-02
4.000867065637384035e-02
4.000866605900409850e-02
4.000866109403224818e-02
4.000865575581560168e-02
4.000865003859632035e-02
4.000864393646742789e-02
4.000863744290134028e-02
4.000863055059507983e-02
4.000862325233538880e-02
4.000861554036273110e-02
4.000860740622905198e-02
4.000859884111607201e-02
4.000858983537820823e-02
4.000858037963471447e-02
4.000857046306892373e-02
4.000856007472445436e-02
4.000854920296867401e-02
4.000853783546854531e-02
4.000852595928604261e-02
4.000851356065748821e-02
4.000850062530004331e-02
4.000848713815843838e-02
4.000847308295475691e-02
4.000845844305478405e-02
4.000844320077523442e-02
4.000842733748167374e-02
4.000841083349573890e-02
4.000839366818414317e-02
4.000837581978090168e-02
4.000835726560021677e-02
4.000833798108929806e-02
4.000831794145401354e-02
4.000829711972207076e-02
4.000827548788575549e-02
4.000825301624498509e-02
4.000822967380220085e-02
4.000820542735723101e-02
4.000818024251010657e-02
4.000815408264626893e-02
4.000812690910988262e-02
4.000809868107132322e-02
4.000806935171643403e-02
3.993444046549041171e-02
3.948710945281728307e-02
3.904184047916602063e-02
3.860096304232393111e-02
3.816443824010130187e-02
3.773222717397044235e-02
3.730429166793971379e-02
3.688059391174350332e-02
3.646109849310429085e-02
3.604576811862592739e-02
3.563456744381978542e-02
3.522746141382750162e-02
3.482441572435422683e-02
3.442539617999250401e-02
3.403036877227736540e-02
3.363930276726959101e-02
3.325216357868071571e-02
3.286891983432557035e-02
3.248954123209889244e-02
3.211399650198160788e-02
3.174225495124399776e-02
3.137428613772054453e-02
3.101006222612610191e-02
3.064955251477225612e-02
3.029272941977610017e-02
2.993956459244224988e-02
2.959003020615529750e-02
2.924409906452295205e-02
2.890174452042894651e-02
2.856293970595524812e-02
