2.009345912800965250e-02
3.185404585347821615e-02
4.236655395763491705e-02
5.205086220385021778e-02
6.119294660602950242e-02
6.996393783868408434e-02
7.847152717916151821e-02
8.678753502405966991e-02
9.496312079751713375e-02
1.030383495458378068e-01
1.099825649514375031e-01
1.203324884493797153e-01
1.323282620685779232e-01
1.461264929048296246e-01
1.602442840551807912e-01
1.748933574538801827e-01
1.907534308861957850e-01
2.096218555867692124e-01
2.301919458907886462e-01
2.533306942474543022e-01
2.814048306154832702e-01
3.284837297860994099e-01
3.703243956326480180e-01
4.207422118264209088e-01
4.680223110858695579e-01
4.542904918410233250e-01
3.707663615337665197e-01
2.779020020121080181e-01
1.689418919532393037e-01
5.739315132183768486e-02
7.564978349505368691e-05
3.325730785768913994e-11
1.097803528251246097e-18
5.896666844033050958e-27
7.319527479421545114e-36
2.665288045831861153e-45
3.392896431331274536e-55
1.723071541692996207e-65
3.858320013881068976e-76
4.106761774365957844e-87
2.197969614740480528e-98
6.149709361191972638e-110
9.223767299092486959e-122
7.514355707702862124e-134
3.333881669666952400e-146
8.017179294886890493e-159
1.038620645160607520e-171
7.224486093197654285e-185
2.750684759938687064e-198
6.062517138845001382e-212
7.113272428125829804e-217
2.399652133209234491e-227
5.431074436228566140e-239
4.257296989617200612e-251
1.476570082623540239e-263
2.920170899429478336e-276
5.237107851982863215e-286
2.745393355523301738e-294
1.623214185352594241e-301
6.967571739878425267e-308
1.438434944683909559e-313
1.427201947012940054e-316
4.178931543503570617e-305
1.257454423686899417e-293
3.389185175107478323e-282
7.504214985428869275e-271
1.415419543714744082e-259
3.749845459129889761e-248
1.049423877439164478e-236
1.568837365760616239e-226
1.989352879141066437e-217
8.684804445588236354e-209
9.507075159404755804e-201
2.059730030240035221e-203
4.623553841970262577e-212
1.753590255039794279e-220
2.229372367174539087e-226
5.137958521887548883e-231
7.412001122887680307e-235
3.916304183612665448e-238
5.506683422654434786e-241
1.670178412598207282e-243
9.430615795502588931e-246
8.897511574032825588e-248
1.292270748561907602e-249
2.710521056899391741e-251
7.804850627751934341e-253
2.961060801268633911e-254
1.431213499648229262e-255
8.570956541182161203e-257
6.212579396501689296e-258
5.343316377240221850e-259
5.361915855603591895e-260
6.187094514612469518e-261
8.106715582877081622e-262
1.193055960009863304e-262
1.953213601210484092e-263
3.527419360443037586e-264
6.975210054015055463e-265
1.500241295606290590e-265
3.489156278984037098e-266
8.728195509576324264e-267
2.337389871625567386e-267
6.672082261957118312e-268
2.022417601844766599e-268
6.486556342429571920e-269
2.194535470248111410e-269
7.808617912105150803e-270
2.914521900556280645e-270
1.138383713738809362e-270
4.642689824958551470e-271
1.973009797922151651e-271
8.720716802764184517e-272
4.002144153218993450e-272
1.904011339525896003e-272
9.375882556126803455e-273
4.772925756694167757e-273
2.508449946230366812e-273
1.359557503125140320e-273
7.590675616573375158e-274
4.361354185339518696e-274
2.576353193259000784e-274
1.563457246750527364e-274
9.738674437404974367e-275
6.221560225046307554e-275
4.073759423144335326e-275
2.732427641140032074e-275
1.876320257060053188e-275
1.318250959248269504e-275
9.472110616770754275e-276
6.957067526686187077e-276
5.220922080961084311e-276
4.001609848195145524e-276
3.131687846530965151e-276
2.501316045405271928e-276
2.038595821509498146e-276
1.694839884182583636e-276
1.436939008253241890e-276
1.242161412556661458e-276
1.094614907125923832e-276
9.831698365149597799e-277
8.999376794385747089e-277
8.393439021554803094e-277
7.976606269455770671e-277
7.722761394267760769e-277
7.617496759259213643e-277
7.654039250240644165e-277
7.834619973144912308e-277
8.169699703344912107e-277
8.678922606590203975e-277
9.392796931502638267e-277
1.035761520619272048e-276
1.163858125788227079e-276
1.332710490227935013e-276
1.555349002811545918e-276
1.850552019458796276e-276
2.244725637243893509e-276
2.776829033055978880e-276
3.503838030722894468e-276
4.510540492439253885e-276
5.926392690149960699e-276
7.948746294318260248e-276
1.088736720810575364e-275
1.523323075245176768e-275
2.178181479142200615e-275
3.184226109460662995e-275
4.760947446128818655e-275
7.284215794541355634e-275
1.140990171554125972e-274
1.830675978377056710e-274
3.010326551919424051e-274
5.076267088154273927e-274
8.783829619693133583e-274
1.560628518344286118e-273
2.848879464891740248e-273
5.347337402037799760e-273
1.032796334918157992e-272
2.054131688819611460e-272
4.210491330180559098e-272
8.900724001481282447e-272
1.942168166279843877e-271
4.377260334631942947e-271
1.019683918519755691e-270
2.456246138379180048e-270
6.118936568154071215e-270
1.575616868261333143e-269
4.185751709472790156e-269
1.141599862301199955e-268
3.153167269006934308e-268
8.371435147201942962e-268
8.041357789950618804e-268
2.089609916436133606e-269
3.995943327265108312e-271
7.364465232783630688e-273
1.351859992228669064e-274
2.498634645950325955e-276
4.672671141300324052e-278
8.864280042158747949e-280
1.708329343913452498e-281
3.347474578241723834e-283
6.672542933298107333e-285
1.353481100257610858e-286
2.794244907178474229e-288
5.871883792176668932e-290
1.255960228660654558e-291
2.734785593857431887e-293
6.060744459286320632e-295
1.366981082667940188e-296
3.137917630990038781e-298
7.330074401286088612e-300
1.742125414911444704e-301
4.212385358753060377e-303
1.036143825747391428e-304
2.592218845094238392e-306
6.595624581267834659e-308
1.706422226303016155e-309
4.488540697177040726e-311
1.200273319680602883e-312
3.262663005027661498e-314
9.014645144437714468e-316
