2.843055426044767756e-03
4.494283581370904501e-03
6.097031335002171121e-03
7.676304451190833940e-03
9.241906189796205914e-03
1.079870402726888605e-02
1.234945466105264594e-02
1.389587098251083945e-02
1.543910565744770029e-02
1.698000951793862331e-02
1.867845685775090803e-02
2.057630783781076722e-02
2.247743552706248094e-02
2.438120596195587908e-02
2.623636280796462494e-02
2.809939605487934283e-02
2.997983010080880473e-02
3.186658513059444781e-02
3.375457383662176791e-02
3.564400083712549600e-02
3.753565173550250239e-02
3.940753265701169017e-02
4.130461363856764712e-02
4.320713500989818018e-02
4.510275673357556220e-02
4.689376750593520632e-02
4.877758209938835160e-02
5.066695695122373083e-02
5.256637896618904932e-02
5.448542965083900264e-02
5.635131048567548762e-02
5.821972789868454234e-02
6.008780070555350822e-02
6.195556095664146723e-02
6.382303945356562758e-02
6.569026439033731624e-02
6.755726148467602887e-02
6.942405421713400415e-02
7.129066410004319954e-02
7.315711390675810888e-02
7.502347328955316641e-02
7.688977478436609392e-02
7.875602292591175890e-02
8.062222416200341690e-02
8.248840062844775556e-02
8.435463930301489999e-02
8.622121307828667369e-02
8.808880797535517670e-02
8.995885649202080281e-02
9.183386759601214200e-02
9.372557827735635005e-02
9.560031137029099957e-02
9.747457173595241997e-02
9.934855886784156598e-02
1.012223725258039747e-01
1.030960649864891693e-01
1.049382364470862611e-01
1.067457252642966398e-01
1.085251284220198204e-01
1.102753926993979838e-01
1.119965214483595733e-01
1.136855095939834082e-01
1.153413809764029935e-01
1.169642015815186425e-01
1.185545876659569592e-01
1.201134171170768344e-01
1.216413120213001298e-01
1.230898870371971848e-01
1.242460361115810680e-01
1.255130309582628834e-01
1.267935905043068856e-01
1.281974759545972953e-01
1.295340629735311500e-01
1.307622524273901743e-01
1.320364602602244752e-01
1.332474160807916863e-01
1.344434245182544729e-01
1.356221412002937277e-01
1.367829825766023466e-01
1.379259031943614877e-01
1.390510754066056620e-01
1.401587721204622106e-01
1.412493149680774662e-01
1.423230485467954221e-01
1.433803268584426804e-01
1.444215057281019732e-01
1.454469375398671771e-01
1.464569695075066125e-01
1.474519410481746895e-01
1.484321838721677222e-01
1.493980205297330277e-01
1.503497646951378330e-01
1.512877212440177643e-01
1.522121859474652728e-01
1.531234457745359601e-01
1.540217791055362995e-01
1.549074558191133877e-01
1.557807379750990873e-01
1.566418795331416813e-01
1.574911267866485054e-01
1.583287188613778651e-01
1.591548876871418106e-01
1.599698583642169547e-01
1.607738493075358266e-01
1.615670727396921746e-01
1.623497346427491272e-01
1.631220350767643990e-01
1.638841683167585606e-01
1.646363235437013073e-01
1.653786840174043538e-01
1.661114285279467195e-01
1.668347303614221289e-01
1.675487586319116817e-01
1.682536772200561026e-01
1.689496462703711233e-01
1.696368210776642016e-01
1.703153530478597466e-01
1.709853897534240608e-01
1.716470745118716390e-01
1.723005473927661790e-01
1.729459443533773177e-01
1.735833983771156164e-01
1.742130386907708994e-01
1.748349914696510632e-01
1.754493796827393537e-01
1.760563231403942663e-01
1.766559388121985152e-01
1.772483407642277686e-01
1.778336402667518301e-01
1.784119459643786210e-01
1.789833636913497061e-01
1.795479969361458705e-01
1.801059467650223123e-01
1.806573115493444182e-01
1.812021876705947054e-01
1.817406691365540949e-01
1.822728476816040388e-01
1.827988130086481144e-01
1.833186527070869987e-01
1.838324523694077339e-01
1.843402956504871237e-01
1.848422641563803592e-01
1.853384378413733269e-01
1.858288947165455951e-01
1.863137110509546501e-01
1.867929614294496221e-01
1.872667187584048099e-01
1.877350542239987485e-01
1.881980376265945110e-01
1.886557368460247130e-01
1.891082186047420843e-01
1.895555480276123195e-01
1.899977886910909630e-01
1.904350028569588849e-01
1.908672512589615899e-01
1.912945935442694201e-01
1.917170877712719712e-01
1.921347908178960284e-01
1.925477582270264110e-01
1.929560443941848724e-01
1.933597023966202866e-01
1.937587841384038057e-01
1.941533403371076272e-01
1.945434206284153145e-01
1.949290734127585856e-01
1.953103460440160921e-01
1.956872847713542751e-01
1.960599347217855948e-01
1.964283400765832466e-01
1.967925438509164349e-01
1.971525881359089960e-01
1.975085139373183307e-01
1.978603613555088847e-01
1.982081695174628677e-01
1.985519764655017672e-01
1.988918194643878590e-01
1.992277348153165817e-01
1.995597578195042188e-01
1.998879229555125259e-01
2.002122637574511588e-01
2.005328130369553874e-01
2.008496025959469744e-01
2.011626634665537594e-01
2.014720258461184244e-01
2.017777191032472106e-01
2.020797717636709789e-01
2.023782116775950379e-01
2.026730657885245646e-01
2.029643603618311587e-01
2.032521208704724525e-01
2.035471764226246816e-01
2.038936107731993963e-01
2.042365124054316139e-01
2.045755923854735980e-01
2.049108900670026934e-01
2.052424441688426859e-01
2.055702929165968973e-01
2.058944738975510280e-01
2.062150239942499297e-01
2.065319797869721585e-01
2.068453770972142614e-01
2.071552513418251362e-01
2.074616373330812891e-01
2.077645694101943885e-01
2.080640814518788240e-01
2.083602065705240647e-01
2.086529778492449971e-01
2.089424275736564973e-01
2.092285875615351176e-01
2.095114892734190604e-01
2.097911637404010765e-01
2.100676415738577107e-01
2.103409527049781569e-01
2.106111270090691434e-01
2.108781936746937091e-01
2.111421815663276358e-01
2.114031191628030770e-01
2.116610345581733388e-01
2.119159553960356934e-01
2.121679090264348977e-01
