4.000006637776101076e-02
4.000031652771100094e-02
4.000062341974112284e-02
4.000091585886539347e-02
4.000117751635341029e-02
4.000140787968805428e-02
4.000161008894573961e-02
4.000178781502508607e-02
4.000194444593609816e-02
4.000208288535369444e-02
4.000226813539755483e-02
4.000244511652299717e-02
4.000273002811038231e-02
4.000299478685929999e-02
4.000315188441758846e-02
4.000327141764267735e-02
4.000340551917305060e-02
4.000356440795842239e-02
4.000371786451550199e-02
4.000386678627031178e-02
4.000401319219451524e-02
4.000421331694833937e-02
4.000436417108160086e-02
4.000451867339882561e-02
4.000466801691407448e-02
4.000476981056830250e-02
4.000492158983252194e-02
4.000506800989076656e-02
4.000522110402371379e-02
4.000535279150094214e-02
2.389346201748137818e-03
1.059061478822488171e-09
3.508027364656536678e-17
1.891573222835451823e-25
2.357968102650720106e-34
8.625570318749578603e-44
1.103436428764578639e-53
5.633183560816197279e-64
1.268418076589489847e-74
1.358053249921751991e-85
7.313376030639684048e-97
2.059474201492295048e-108
3.109932652793160727e-120
2.551641301370003327e-132
1.140559468953901912e-144
2.764370138757686296e-157
3.610944090803949593e-170
2.533745180159470282e-183
9.736910048228316960e-197
2.167373302920169316e-210
2.553883281669229577e-215
8.694328381778241180e-226
1.986819357584130584e-237
1.573408480557523879e-249
5.516677756584314898e-262
1.103748481490505419e-274
1.998054695195956839e-284
1.055936565314296128e-292
6.288444754514410322e-300
2.716877280478111254e-306
5.642272893543678233e-312
5.826609579338136158e-315
1.684083733861867596e-303
5.000938883833022220e-292
1.331008782209287897e-280
2.911939249249653620e-269
5.430080240854013416e-258
1.422768710600641892e-246
3.939665974337398575e-235
5.838654043126166300e-225
7.348795141820403107e-216
3.183957338145098663e-207
3.461471035212806518e-199
7.515041084195048222e-202
1.699339106359739299e-210
6.485648036004313143e-219
8.283413417473781991e-225
1.916190170116193318e-229
2.773066788185214793e-233
1.469280167315603633e-236
2.071051935825763777e-239
6.295554753793141034e-242
3.562040101411210682e-244
3.367028220724777676e-246
4.898847217046057473e-248
1.029216086913392547e-249
2.968176031496120537e-251
1.127734661123650571e-252
5.458410778190264016e-254
3.273139556589564081e-255
2.375499130373988968e-256
2.045588672785223978e-257
2.055090068946201726e-258
2.374006230712619900e-259
3.113914318713595066e-260
4.587466439861312645e-261
7.517910361787614825e-262
1.359019905004700674e-262
2.689888352176625419e-263
5.790740003102644802e-264
1.347962547159898416e-264
3.374857550019080047e-265
9.045350731774592884e-266
2.584099002440960619e-266
7.839038203800028559e-267
2.516178524006576446e-267
8.519157902987540909e-268
3.033520259414445474e-268
1.133054726217791898e-268
4.428692525522936233e-269
1.807392772556504344e-269
7.686012701443937321e-270
3.399430886350187435e-270
1.561069830811941472e-270
7.431359657943837690e-271
3.661624637237386168e-271
1.865104446635247536e-271
9.807872231934545770e-272
5.318779793719648073e-272
2.971216165024975989e-272
1.708083082144114642e-272
1.009535029236740201e-272
6.129499081002824959e-273
3.819939812747809013e-273
2.441566100801770030e-273
1.599454669311346791e-273
1.073315849860939555e-273
7.373660743578596267e-274
5.182826355345785094e-274
3.725656393026206292e-274
2.737567789774299188e-274
2.055245436568547859e-274
1.575884091561793987e-274
1.233775882278625766e-274
9.858025827502882630e-275
8.037322049632934970e-275
6.684410084320738017e-275
5.669206055982356615e-275
4.902377742989243804e-275
4.321457661000776156e-275
3.882692042410144048e-275
3.555065918239046921e-275
3.316662773029142256e-275
3.152833097754921554e-275
3.053319087163193532e-275
3.012477891308462309e-275
3.027677008192637881e-275
3.099840015631418000e-275
3.233144439225565884e-275
3.435402656490291808e-275
3.718730433550969494e-275
4.101498247520905817e-275
4.609574083603095389e-275
5.279217327017236420e-275
6.162110158196842079e-275
7.332728386828344180e-275
8.895800828126615904e-275
1.100583762826033221e-274
1.388880171596782548e-274
1.788095407775894804e-274
2.349569530071646180e-274
3.151567760433121542e-274
4.316932645705526965e-274
6.040361953650584197e-274
8.637291469351731016e-274
1.262681725485099761e-273
1.887920297492679081e-273
2.888464202381161936e-273
4.524322117550778971e-273
7.258784202211104411e-273
1.193548302502971177e-272
2.012509203484610730e-272
3.482067501020089049e-272
6.185935191454397601e-272
1.129080546836223662e-271
2.118974465863296735e-271
4.091967244015674855e-271
8.137048098940225273e-271
1.667570016655851411e-270
3.524363202199785162e-270
7.688421900464434555e-270
1.732361646265695283e-269
4.034391175396214949e-269
9.715176481445624037e-269
2.419418078150834194e-268
6.227750101272063332e-268
1.653821585394668867e-267
4.508710834653600918e-267
1.244792537260280842e-266
3.303308600556097658e-266
3.173071475422055508e-266
8.266198655097279559e-268
1.584753038133226350e-269
2.928125748077524772e-271
5.388787514783137340e-273
9.985678603070687164e-275
1.872234367867163861e-276
3.560929297492513870e-278
6.880517694977570104e-280
1.351765082602969073e-281
2.701559654213237670e-283
5.494390058109214874e-285
1.137314998685534247e-286
2.396335883563670315e-288
5.139312792881973125e-290
1.122060718921566284e-291
2.493377425105385913e-293
5.638954961132690074e-295
1.297946660320206200e-296
3.040241124628187774e-298
7.245504300217504912e-300
1.756758644774064069e-301
4.333153963371759605e-303
1.087079095054636233e-304
2.773678823453317852e-306
7.196194866896099747e-308
1.898205422446875223e-309
5.090322461868494402e-311
1.387616321432799319e-312
3.844675932132486005e-314
