2.950294715998622053e+01
2.921475586633155430e+01
2.895754688824817435e+01
2.872094679170542264e+01
2.849785394091588486e+01
2.828401203322606250e+01
2.807674033116444079e+01
2.787424997864657072e+01
2.767526613861658547e+01
2.747879006981266414e+01
2.731109029106538344e+01
2.705788915646742865e+01
2.676571645750869521e+01
2.642741679458275783e+01
2.608102871291402280e+01
2.572141458027601857e+01
2.533159283755003699e+01
2.486661162637200206e+01
2.435911932793154122e+01
2.378745470073338808e+01
2.309248723023439354e+01
2.192027588131224292e+01
2.088157432770779565e+01
1.962869311693751939e+01
1.845414506096461693e+01
1.835545458525834306e+01
1.922003713943611558e+01
2.019865788278421803e+01
2.124368334403865433e+01
2.233765326121113404e+01
2.278462827171117056e+01
2.254500904020399332e+01
2.230414673268952797e+01
2.206319290934595045e+01
2.182214432385669056e+01
2.158099416302568230e+01
2.133972920060597289e+01
2.109832255988381888e+01
2.085670721601421462e+01
2.061427840474638273e+01
2.036380806433972168e+01
2.010602766366742600e+01
1.984372312807106908e+01
1.957830758519916259e+01
1.931060263349225536e+01
1.904113301672686376e+01
1.877026208874320190e+01
1.849826742980785355e+01
1.822539326186334208e+01
1.795177961653486420e+01
1.797471787014391609e+01
1.774111484084434665e+01
1.750533104204957269e+01
1.726840089027093939e+01
1.703078965233512321e+01
1.679273880736718993e+01
1.656249687354186761e+01
1.633188940819964685e+01
1.610469997248535634e+01
1.588106063185209393e+01
1.566119442217739888e+01
1.544544971079921858e+01
1.523395853168698899e+01
1.502671491147042282e+01
1.482363851094082996e+01
1.462461399937453344e+01
1.442934870721218310e+01
1.421547247145486459e+01
1.389695728411860465e+01
1.357782966834488469e+01
1.330318754133907255e+01
1.310805239059168592e+01
1.293436449699584934e+01
1.274790104963972048e+01
1.260470894229451488e+01
1.244517036934628962e+01
1.228760093280101628e+01
1.213230959224646277e+01
1.197937324978030205e+01
1.182879789708026586e+01
1.168056082779927252e+01
1.153462608755262409e+01
1.139095130256371746e+01
1.124949107347194577e+01
1.111019876191193134e+01
1.097302748931056016e+01
1.083793083043225991e+01
1.070486304121132903e+01
1.057377940475591238e+01
1.044463621952265697e+01
1.031739099076912858e+01
1.019200239312850087e+01
1.006843026042036371e+01
9.946635625951421034e+00
9.826580682663378141e+00
9.708228755031674595e+00
9.591544287593025686e+00
9.476492754981991951e+00
9.363040699001068390e+00
9.251155671450831619e+00
9.140806168440793300e+00
9.031961634119319626e+00
8.924592412398714814e+00
8.818669727960179117e+00
8.714165621301098952e+00
8.611052955084572247e+00
8.509305372174999604e+00
8.408897277592863873e+00
8.309803747479898917e+00
8.212000638067967984e+00
8.115464394458106412e+00
8.020172186880909493e+00
7.926101735212680133e+00
7.833231448815450193e+00
7.741540229270937878e+00
7.651007617092002278e+00
7.561613665135531903e+00
7.473338931302369481e+00
7.386164534066655740e+00
7.300072019807219093e+00
7.215043476681938905e+00
7.131061384642765510e+00
7.048108718561997499e+00
6.966168855332852239e+00
6.885225594269567928e+00
6.805263150822232099e+00
6.726266114702943888e+00
6.648219458149282168e+00
6.571108521735001595e+00
6.494918991955181298e+00
6.419636925559448315e+00
6.345248688342322474e+00
6.271740965217128760e+00
6.199100796138613312e+00
6.127315483220746373e+00
6.056372641303465088e+00
5.986260184738340762e+00
5.916966295516012053e+00
5.848479434073127869e+00
5.780788323932122275e+00
5.713881943887569648e+00
5.647749542658959676e+00
5.582380586579447801e+00
5.517764797992158243e+00
5.453892128745081891e+00
5.390752752574021756e+00
5.328337064347153706e+00
5.266635685562137681e+00
5.205639420292014208e+00
5.145339325632635408e+00
5.085726611159918420e+00
5.026792696925484805e+00
4.968529206978550938e+00
4.910927938571008511e+00
4.853980890267948212e+00
4.797680203786298669e+00
4.742018230158756786e+00
4.686987475939082159e+00
4.632580623568149925e+00
4.578790506647225200e+00
4.525610132454716883e+00
4.473032662831030848e+00
4.421051415932828021e+00
4.369659852451669657e+00
4.318851595818580691e+00
4.268620407343994394e+00
4.218960193879794041e+00
4.169865010117326243e+00
4.121329035345550729e+00
4.073346602482874168e+00
4.025912166187197272e+00
3.979020324109251661e+00
3.932665793181754132e+00
3.886843418576773512e+00
3.841548188366070704e+00
3.796775193062114084e+00
3.752519650123269379e+00
3.708776908751439283e+00
3.665542426530070674e+00
3.622811785470308354e+00
3.580580662766629896e+00
3.538844868639414720e+00
3.497600314726372339e+00
3.456843022644818131e+00
3.416569123194891144e+00
3.376774858222546527e+00
3.337456558571063603e+00
3.298610674538589915e+00
3.260233745764159696e+00
3.222322416284665980e+00
3.183449993205971218e+00
3.137808612862253543e+00
3.092632654493343125e+00
3.047960183958901670e+00
3.003786016564754302e+00
2.960105051256256559e+00
2.916912251958524660e+00
2.874202666692748487e+00
2.831971436326840230e+00
2.790213741551248017e+00
2.748924863022858212e+00
2.708100134709257478e+00
2.667734970228421876e+00
2.627824845522425345e+00
2.588365297202280590e+00
2.549351962839216057e+00
2.510780483861344337e+00
2.472646606764281607e+00
2.434946139679577737e+00
2.397674937803494721e+00
2.360828912910013067e+00
2.324404032069228521e+00
2.288396351963189801e+00
2.252801936636144031e+00
2.217616940608449383e+00
2.182837561097389578e+00
2.148460046127485867e+00
2.114480694416336348e+00
2.080895864027305642e+00
2.047701951698215783e+00
