1.144744356918218561e-02
1.447283545174445248e-02
1.772500222784886489e-02
2.097291202896181192e-02
2.413721641287400535e-02
2.718714365080984741e-02
3.011176567335218518e-02
3.290921278921227905e-02
3.558191883607289552e-02
3.813425142427213921e-02
3.949227661277111140e-02
3.949246674026678922e-02
3.949264096175165994e-02
3.949280237981120378e-02
3.949308029226496902e-02
3.949333036313058126e-02
3.949352928654888129e-02
3.949370499371542692e-02
3.949387166671988053e-02
3.949402924670063209e-02
3.949417616753839178e-02
3.949434554317435980e-02
3.949446805576289216e-02
3.949457437276426147e-02
3.952373473874947613e-02
4.000600354975275552e-02
4.000612015824182160e-02
4.000622349456892102e-02
4.000630548900983852e-02
4.000634929388032640e-02
4.000650094330893136e-02
4.000662195382159725e-02
4.000675287243162653e-02
4.000688060131694923e-02
4.000700524689574517e-02
4.000712690946595096e-02
4.000724568387119956e-02
4.000736165983804354e-02
4.000747492188429233e-02
4.000758553709925919e-02
4.000769336536869059e-02
4.000779840634936108e-02
4.000790076769388665e-02
4.000800054865728123e-02
4.000809782248448271e-02
4.000819257435075937e-02
4.000828455254515359e-02
4.000837299831747074e-02
4.000845626570539992e-02
4.000853147208766059e-02
4.000850600201975860e-02
4.000857131253490739e-02
4.000863668239608428e-02
4.000870149503403528e-02
4.000876546575798248e-02
4.000882844274750855e-02
4.000885428318156495e-02
4.000885797224944251e-02
4.000884667661878946e-02
4.000882456954397981e-02
4.000879454819028513e-02
4.000875879071400659e-02
4.000871889978700052e-02
4.000867593539709360e-02
4.000863057374075965e-02
4.000858350032077820e-02
4.000859087687648474e-02
4.000994846784857589e-02
4.000855085201366484e-02
4.000626469799652141e-02
3.997699987236233432e-02
3.988460671783328193e-02
3.978098189776545224e-02
3.970787642379534910e-02
3.967917374471852804e-02
3.964311169418251179e-02
3.960336700763596868e-02
3.956255810045992277e-02
3.952156018055766329e-02
3.948072267838577398e-02
3.944018743776375041e-02
3.940000104641788736e-02
3.936016492146698909e-02
3.932065774139023584e-02
3.928144956194853238e-02
3.924250128775425006e-02
3.920377681363198391e-02
3.916523661201360557e-02
3.912684469544435578e-02
3.908856444622818560e-02
3.905036206475277771e-02
3.901220560783313224e-02
3.897406267239511557e-02
3.893590403093281221e-02
3.889770120418156729e-02
3.885942604215630175e-02
3.882105354856488222e-02
3.878255727388189161e-02
3.874391246498680441e-02
3.870509559301696378e-02
3.866608249719169499e-02
3.862685051266612907e-02
3.858737668021898493e-02
3.854763976130240466e-02
3.850761654835060249e-02
3.846728547323033376e-02
3.842662542164609202e-02
3.838561521220439088e-02
3.834423196738881434e-02
3.830245567606065105e-02
3.826026343386389889e-02
3.821763484891111534e-02
3.817454692954350831e-02
3.813097886574941253e-02
3.808690773803413004e-02
3.804231144914617391e-02
3.799716806137819897e-02
3.795145287319831584e-02
3.790514531696786288e-02
3.785821933093209274e-02
3.781065340649032713e-02
3.776242094555844891e-02
3.771349924533499987e-02
3.766386180321596583e-02
3.761348342971881920e-02
3.756233853260379507e-02
3.751040048133784388e-02
3.745764211390570364e-02
3.740403593283731648e-02
3.734955370245759965e-02
3.729416750693934773e-02
3.723784807438908218e-02
3.718056479961967531e-02
3.712228951231517221e-02
3.706299018913249838e-02
3.700263544963235812e-02
3.694119450657950415e-02
3.687863480094716317e-02
3.681492354268874750e-02
3.675002769815573916e-02
3.668391363875824623e-02
3.661654761792448171e-02
3.654900476685065541e-02
3.648239652461512245e-02
3.641672541932969992e-02
3.635199455844532329e-02
3.628820747434899352e-02
3.622537013309178738e-02
3.616348739981155996e-02
3.610256704582181370e-02
3.604261599274828642e-02
3.598364267218102930e-02
3.592565688584337807e-02
3.586866888602990855e-02
3.581269057186328708e-02
3.575773308111618309e-02
3.570381050708209408e-02
3.565093686602806289e-02
3.559912746976411080e-02
3.554839868508432449e-02
3.549876762852684220e-02
3.545025311716777650e-02
3.540287487845882042e-02
3.535665298730388678e-02
3.531160978624159341e-02
3.526776839184532497e-02
3.522515300759520435e-02
3.518378944722560381e-02
3.514370432112011444e-02
3.510492572963900409e-02
3.506748369385933456e-02
3.503140887342040544e-02
3.499673391099148573e-02
3.496349234710574572e-02
3.493172003395725311e-02
3.490145391515146744e-02
3.487273188331107415e-02
3.484559491781121648e-02
3.482008479321217070e-02
3.479624504158574522e-02
3.477412099573628373e-02
3.475376004332794699e-02
3.473521135870798193e-02
3.471852576761760151e-02
3.470375676692662864e-02
3.469095958711538447e-02
3.468019128497035197e-02
3.467151171907630752e-02
3.466498289214604844e-02
3.466066887801368818e-02
3.459490337297909529e-02
3.420731018036539395e-02
3.382161570864670314e-02
3.343972534629217896e-02
3.306160508841113344e-02
3.268722168494792718e-02
3.231654151813519171e-02
3.194953250102151171e-02
3.158616330180334664e-02
3.122640178936833891e-02
3.087021768533704594e-02
3.051758028677149445e-02
3.016845969653676740e-02
2.982282678881177651e-02
2.948065188999430750e-02
2.914190841186378722e-02
2.880656617733946476e-02
2.847459828771132379e-02
2.814597828162727564e-02
2.782067934034714723e-02
2.749867442376235233e-02
2.717993764162147940e-02
2.686444441636404168e-02
2.655216858297440238e-02
2.624308604256601549e-02
2.593717223491000257e-02
2.563440308704466666e-02
2.533475500144050097e-02
2.503820513574053427e-02
2.474472974145011661e-02
