8.257845100644527881e-14
1.302023740505832049e-13
1.725905180755421481e-13
2.115251786268146689e-13
2.481976640351386255e-13
2.833173052911058276e-13
3.173294503681683845e-13
3.505307117270265051e-13
3.831320602704659590e-13
4.152981612340348651e-13
3.566901310670643858e-13
2.493827803093265457e-13
1.391117092324983760e-13
7.391633467200327849e-15
1.777872450248652280e-77
1.601498982632096739e-126
1.009853015089634922e-152
1.703131933577947957e-169
2.351843023218617815e-184
2.693429864941380161e-197
8.325669493578847597e-208
2.183437643676416359e-217
1.004965800532548074e-222
1.769504831256046737e-223
7.231815787381929165e-224
4.467831985262766710e-224
3.227486538847495130e-224
3.817860053525576556e-222
3.912836139818472683e-209
7.567320190527578479e-187
2.280988157485321103e-198
2.005132719167654191e-210
2.299853077766414940e-222
3.836173197726901587e-234
8.407911708738748246e-246
2.008765154234079055e-257
4.047452137990041550e-269
4.894284735173414496e-281
2.211591259516794803e-293
2.181681726978990295e-306
3.580493735411513706e-319
7.798332153958235453e-320
7.758806902290935730e-320
7.735091751290555896e-320
7.713352862873541048e-320
7.676297939435447557e-320
7.655547182310115202e-320
7.635784556476465340e-320
7.600705895621736836e-320
7.580449204142245727e-320
7.760289099228459469e-320
7.758806902290935730e-320
7.786968644103886783e-320
7.874418263417787421e-320
7.857620031459185039e-320
7.841315865146423903e-320
7.851197178063248834e-320
7.889240232793024817e-320
7.954456898044069361e-320
8.053270027212318670e-320
8.206924443068946345e-320
1.942673966198368662e-314
1.887050289744711967e-292
4.146257564587968735e-268
3.405462770697379191e-242
3.745193161702411744e-215
8.051738729651431612e-187
4.826738278285071475e-154
6.158806382031869488e-114
7.630851106172995230e-81
1.513794247173724383e-53
4.119432474862968593e-30
4.011313557285635785e-09
6.871767166201024277e-03
1.040300805651217566e-09
5.811309230298930506e-17
3.236785541996836781e-21
3.136931933742008027e-24
1.489503635389887320e-26
1.953701896894878399e-28
5.192371951168446321e-30
2.319441053738445225e-31
1.542148037068986132e-32
1.403835972048427873e-33
1.648067064576566088e-34
2.386850406328081924e-35
4.123082374011946124e-36
8.274066793501015050e-37
1.889142146333159301e-37
4.825318609083572523e-38
1.360048106167033868e-38
4.181938904995002919e-39
1.389419066823627272e-39
4.948210905508018188e-40
1.875980833778895759e-40
7.526623013045733353e-41
3.179509606700236156e-41
1.407910380505654325e-41
6.509526144942049989e-42
3.132000439778056214e-42
1.563422336656471071e-42
8.074637944733964525e-43
4.304664247973920904e-43
2.363663656965311911e-43
1.334254546679111922e-43
7.728902024835078169e-44
4.587707681843244682e-44
2.786090143132374397e-44
1.728938447544876817e-44
1.095027577610705012e-44
7.071245596205936957e-45
4.650994321524454305e-45
3.112996125539765537e-45
2.118303295553941746e-45
1.464682988276935616e-45
1.028148528825589886e-45
7.322458414122124971e-46
5.287858716001907827e-46
3.870041476208271221e-46
2.868880394142123037e-46
2.153150342391486516e-46
1.635177374013899925e-46
1.256292596624320249e-46
9.759211907106260155e-47
7.662443145493445974e-47
6.079179951259709983e-47
4.871985606127436076e-47
3.942973632061930683e-47
3.221467186558749150e-47
2.656873471511417144e-47
2.210753058584215370e-47
1.856052855088786854e-47
1.571635979732856508e-47
1.342181497249188349e-47
1.155664121813291886e-47
1.003244848549473748e-47
8.778517769444451956e-48
7.741927686604861860e-48
6.879730599896125941e-48
6.160432418537988822e-48
5.558019774305662082e-48
5.051476468523071514e-48
4.624651537756005730e-48
4.264780587043442449e-48
3.961225898491445689e-48
3.705474793988980796e-48
3.490852227282510754e-48
3.311682052607156478e-48
3.164156210796789612e-48
3.043916979105939647e-48
2.948799774914166765e-48
2.876578000576118590e-48
2.825801534286622746e-48
2.795326065482556654e-48
2.784377623564196598e-48
2.793085147140892527e-48
2.821538836983548188e-48
2.870383161097406542e-48
2.941059031504161959e-48
3.035126451955615608e-48
3.155153287380091832e-48
3.304040642416879179e-48
3.485314701465118373e-48
3.704584198518673669e-48
3.967561982413202833e-48
4.281995102337058007e-48
4.657665657965544393e-48
5.107296480798350965e-48
5.645106521487163330e-48
6.291889256525679226e-48
7.071790944867320729e-48
8.017401869367874426e-48
9.169112981355332405e-48
1.058133658917066661e-47
1.232244341679917251e-47
1.448581587129808260e-47
1.719357101163351510e-47
2.060779283565432534e-47
2.495434509284242692e-47
3.052859552743779041e-47
3.774376257765234703e-47
4.717137163003148488e-47
5.960164460658963683e-47
7.614776557114637611e-47
9.838381212489353021e-47
1.285153126501303230e-46
1.696352664210476419e-46
2.258966803345206594e-46
3.021925949252601873e-46
3.995571483493103385e-46
3.836836884785280221e-46
1.176438097825281790e-46
3.277970923282528675e-47
9.031595374965996521e-48
2.486162244525035165e-48
6.861071349987505642e-49
1.900783370683749888e-49
5.290763680034764590e-50
1.480580886185003401e-50
4.165770322322354215e-51
1.178799753214119882e-51
3.354459029677738679e-52
9.601390997967395884e-53
2.764216302140469346e-53
8.002870536399942676e-54
2.331362629583159290e-54
6.828762331047248225e-55
2.011787259295852039e-55
5.961532623636877054e-56
1.776779171136415990e-56
5.325640283015537251e-57
1.604943237490503215e-57
4.865104248997461102e-58
1.482579853013925007e-58
4.543329485154069778e-59
1.399909371375278769e-59
4.336869121118277434e-60
1.350679383302436037e-60
4.229215232343936134e-61
1.331177805164464973e-61
