6.799331418067234941e-320
6.749924853483110287e-320
6.564650236292642832e-320
6.453485465978362360e-320
6.391727260248206542e-320
6.354672336810113051e-320
6.329969054518050724e-320
6.305265772225988397e-320
6.292914131079957233e-320
6.280562489933926070e-320
6.255859207641863742e-320
6.206452643057739088e-320
6.194101001911707924e-320
6.329474988872209477e-320
6.440639759186489950e-320
6.476212485687059701e-320
6.509314883958423220e-320
6.667415890627622114e-320
6.783521317400315052e-320
7.047352372279540706e-320
7.442604888952537941e-320
8.659982640305369426e-320
7.528490315836272069e-265
9.667012975207006003e-206
8.622484866209036622e-160
9.834542961199955884e-167
2.802855653479859960e-240
8.276587699132562108e-320
6.848737982651359595e-320
6.367023977956144215e-320
6.169397719619645597e-320
6.169397719619645597e-320
6.169397719619645597e-320
6.169397719619645597e-320
6.169397719619645597e-320
6.169397719619645597e-320
6.169397719619645597e-320
6.169397719619645597e-320
6.169397719619645597e-320
6.169397719619645597e-320
6.169397719619645597e-320
6.169397719619645597e-320
6.169397719619645597e-320
6.169397719619645597e-320
6.169397719619645597e-320
6.169397719619645597e-320
6.169397719619645597e-320
6.169397719619645597e-320
6.169397719619645597e-320
6.169397719619645597e-320
6.169397719619645597e-320
6.169397719619645597e-320
6.169397719619645597e-320
6.169397719619645597e-320
6.169397719619645597e-320
6.169397719619645597e-320
6.169397719619645597e-320
6.169397719619645597e-320
6.169397719619645597e-320
6.169397719619645597e-320
6.169397719619645597e-320
6.169397719619645597e-320
6.169397719619645597e-320
6.169397719619645597e-320
6.169397719619645597e-320
6.169397719619645597e-320
6.169397719619645597e-320
6.169397719619645597e-320
6.169397719619645597e-320
6.169397719619645597e-320
6.169397719619645597e-320
6.169397719619645597e-320
6.169397719619645597e-320
6.169397719619645597e-320
6.169397719619645597e-320
6.169397719619645597e-320
6.169397719619645597e-320
6.169397719619645597e-320
6.169397719619645597e-320
6.169397719619645597e-320
6.169397719619645597e-320
6.169397719619645597e-320
6.169397719619645597e-320
6.169397719619645597e-320
6.169397719619645597e-320
6.169397719619645597e-320
6.169397719619645597e-320
6.169397719619645597e-320
6.169397719619645597e-320
6.169397719619645597e-320
6.169397719619645597e-320
6.169397719619645597e-320
6.169397719619645597e-320
6.169397719619645597e-320
6.169397719619645597e-320
6.169397719619645597e-320
6.169397719619645597e-320
6.169397719619645597e-320
6.169397719619645597e-320
6.169397719619645597e-320
6.169397719619645597e-320
6.169397719619645597e-320
6.169397719619645597e-320
6.169397719619645597e-320
6.169397719619645597e-320
6.169397719619645597e-320
6.169397719619645597e-320
6.169397719619645597e-320
6.169397719619645597e-320
6.169397719619645597e-320
6.169397719619645597e-320
6.169397719619645597e-320
6.169397719619645597e-320
6.169397719619645597e-320
6.169397719619645597e-320
6.169397719619645597e-320
6.169397719619645597e-320
6.169397719619645597e-320
6.169397719619645597e-320
6.169397719619645597e-320
6.169397719619645597e-320
6.169397719619645597e-320
6.169397719619645597e-320
6.169397719619645597e-320
6.169397719619645597e-320
6.169397719619645597e-320
6.169397719619645597e-320
6.169397719619645597e-320
6.169397719619645597e-320
6.169397719619645597e-320
6.169397719619645597e-320
6.169397719619645597e-320
6.169397719619645597e-320
6.169397719619645597e-320
6.169397719619645597e-320
6.169397719619645597e-320
6.169397719619645597e-320
6.169397719619645597e-320
6.169397719619645597e-320
6.169397719619645597e-320
6.169397719619645597e-320
6.169397719619645597e-320
6.169397719619645597e-320
6.169397719619645597e-320
6.169397719619645597e-320
6.169397719619645597e-320
6.169397719619645597e-320
6.169397719619645597e-320
6.169397719619645597e-320
6.169397719619645597e-320
6.169397719619645597e-320
6.169397719619645597e-320
6.169397719619645597e-320
6.169397719619645597e-320
6.169397719619645597e-320
6.169397719619645597e-320
6.169397719619645597e-320
6.169397719619645597e-320
6.169397719619645597e-320
6.169397719619645597e-320
6.169397719619645597e-320
6.169397719619645597e-320
6.169397719619645597e-320
6.169397719619645597e-320
6.169397719619645597e-320
6.169397719619645597e-320
6.169397719619645597e-320
6.169397719619645597e-320
6.169397719619645597e-320
6.169397719619645597e-320
6.169397719619645597e-320
6.169397719619645597e-320
6.169397719619645597e-320
6.169397719619645597e-320
6.169397719619645597e-320
6.169397719619645597e-320
6.169397719619645597e-320
6.169397719619645597e-320
6.169397719619645597e-320
6.169397719619645597e-320
6.169397719619645597e-320
6.169397719619645597e-320
6.169397719619645597e-320
6.169397719619645597e-320
6.169397719619645597e-320
6.169397719619645597e-320
6.169397719619645597e-320
6.169397719619645597e-320
6.169397719619645597e-320
6.169397719619645597e-320
6.169397719619645597e-320
6.169397719619645597e-320
6.169397719619645597e-320
6.169397719619645597e-320
6.169397719619645597e-320
6.169397719619645597e-320
6.169397719619645597e-320
6.169397719619645597e-320
6.169397719619645597e-320
6.169397719619645597e-320
6.169397719619645597e-320
6.169397719619645597e-320
6.169397719619645597e-320
6.169397719619645597e-320
6.169397719619645597e-320
6.169397719619645597e-320
6.169397719619645597e-320
6.169397719619645597e-320
6.169397719619645597e-320
6.169397719619645597e-320
6.169397719619645597e-320
6.169397719619645597e-320
6.169397719619645597e-320
6.169397719619645597e-320
6.169397719619645597e-320
6.169397719619645597e-320
6.169397719619645597e-320
6.169397719619645597e-320
6.169397719619645597e-320
6.169397719619645597e-320
