3.653397841448839607e-12
5.760353536672502540e-12
7.635670305107895706e-12
9.358199646381952440e-12
1.098064687563404190e-11
1.253439388824140232e-11
1.403914356437526402e-11
1.550801849607342526e-11
1.695035236096539227e-11
1.837343020265259991e-11
1.972521246149847282e-11
2.161842496792001405e-11
2.371772750864717803e-11
2.600171811867527013e-11
2.846188515273682281e-11
3.103424343666666320e-11
3.381592415957453192e-11
3.712095797956372813e-11
4.071993792461640618e-11
4.476348994323626278e-11
4.966567767400344925e-11
5.756365341539537717e-02
5.861368413591325210e-02
6.305521054705864881e-02
7.705638744487924852e-02
5.875265110290612408e-02
6.607580443371120771e-02
7.620629865849101736e-02
1.161506029236299142e-01
1.363039967766812577e-01
1.533639646387194577e-01
1.655990142171840651e-01
1.784371989819621696e-01
1.918718143282913124e-01
2.058997814038236174e-01
2.205357252654529532e-01
2.358248258024821242e-01
2.518755448203377489e-01
2.689797975777297179e-01
2.898706698631693390e-01
3.473308305122468909e-01
4.380198182201391344e-01
5.492839896498146190e-01
6.747025340548528094e-01
8.105317253492765328e-01
9.543383488688387262e-01
1.104314492840183348e+00
1.258802697475263077e+00
1.415865048490444478e+00
1.573413883644756872e+00
3.746435183661031010e-01
3.506631105232898005e-01
3.368592163308282150e-01
3.284190676719432878e-01
3.231721414078713717e-01
3.199916203434985396e-01
2.995895588790785657e-01
3.009159271451157247e-01
3.029721544567304803e-01
3.057679557537162918e-01
3.082885749795256092e-01
3.106908957031098706e-01
3.129401839332485169e-01
3.150253833912582957e-01
3.169547289399441414e-01
3.187418777631387812e-01
3.203897483526784162e-01
3.201830516791295822e-01
3.051870390658237286e-01
1.720650354379769376e-01
6.167098304455202740e-02
1.253125221816183722e-02
1.329449984581393754e-04
1.536992880927937621e-01
9.774011207723182788e-07
1.847354877189935271e-07
2.823493865674924009e-08
4.020093823696630844e-09
5.613186461497261924e-10
7.844343584130257759e-11
1.106871172432952870e-11
1.582567877961348170e-12
2.294907098472815275e-13
3.373960793185777648e-14
5.024079566207967974e-15
7.565940965552179616e-16
1.150575492781454700e-16
1.763940506314597447e-17
2.721984309224225713e-18
4.220986523195685085e-19
6.567642919996085114e-20
1.023851650314550732e-20
1.596815503952625836e-21
2.488132358045151271e-22
3.868277865173593881e-23
5.992642920717390000e-24
9.239797146105880384e-25
1.416156450275644091e-25
2.155042698988964740e-26
3.252459122330946329e-27
4.862750862212661557e-28
7.194450217824555417e-29
1.052164697014794077e-29
1.519490709628044730e-30
2.164521162925646474e-31
3.038271155545467520e-32
4.198088091348636238e-33
5.704217661793930293e-34
7.613520436007746194e-35
9.972435269775204718e-36
1.280463825776791776e-36
1.610116943196890425e-37
1.980591520817875835e-38
2.380975030836182237e-39
2.794588176614928181e-40
3.201738108821801319e-41
3.596345448961384150e-42
4.099348642307192228e-43
5.787138980611418819e-44
1.686279835659242579e-44
9.939783300379252695e-45
7.274065514437175008e-45
5.561732417680657257e-45
4.317958185213930264e-45
3.390011688897252804e-45
2.689525239514588664e-45
2.155441653652918664e-45
1.744432270728572349e-45
1.425226694305938746e-45
1.175441739119199060e-45
9.780711982139703582e-46
8.211463658806123682e-46
6.953159602680601561e-46
5.938017636707710665e-46
5.112836044530574126e-46
4.438509707392367206e-46
3.883751448365805752e-46
3.425148032467642055e-46
3.043698763670008048e-46
2.725470171209866806e-46
2.458953540384700463e-46
2.234850981255554214e-46
2.046017058877998646e-46
1.886804608352526707e-46
1.752507339464430382e-46
1.639359112324089193e-46
1.544406783674761133e-46
1.465139139218717810e-46
1.399871434937634899e-46
1.346675747180961914e-46
1.304594431263351054e-46
1.272642406097417456e-46
1.250178115464988114e-46
1.236695298750832787e-46
1.231851539442645155e-46
1.235703881966847915e-46
1.248292232533545535e-46
1.269901713712929047e-46
1.301169807173094323e-46
1.342786682597549126e-46
1.395888402975127422e-46
1.461758461674574111e-46
1.541956896976519748e-46
1.638965099173058630e-46
1.755310520565658874e-46
1.894420575018017227e-46
2.060623014068601937e-46
2.259546614301551068e-46
2.497482058453760109e-46
2.783628700740816947e-46
3.128669217970578287e-46
3.547022053161343463e-46
4.056556785192005038e-46
4.681346257209710503e-46
5.451638730399045853e-46
6.408748019709791988e-46
7.606700592603337803e-46
9.117204905784440180e-46
1.104018656027398561e-45
1.350632079471929800e-45
1.669842180965462669e-45
2.086934123744795948e-45
2.636868542563499847e-45
3.368894414682894960e-45
4.352651357223206438e-45
5.685715342280555912e-45
7.504925420893214784e-45
9.994017013714450823e-45
1.336946576917028070e-44
1.767702355183307291e-44
1.697475724238488123e-44
5.204743313552363127e-45
1.450224816461833905e-45
3.995716878385715121e-46
1.099916463307170887e-46
3.035443624162243367e-47
8.409358348191652737e-48
2.340715328596594153e-48
6.550317846548739202e-49
1.843000942504513503e-49
5.215191640682110397e-50
1.484064332630403985e-50
4.247803236723654895e-51
1.222931860365058555e-51
3.540593167677128245e-52
1.031430729778260822e-52
3.021149616631585625e-53
8.900456645756293821e-54
2.637473838934305670e-54
7.860744673031486967e-55
2.356145274846995857e-55
7.100516040241628057e-56
2.152397041247920410e-56
6.559161583636257161e-57
2.010038930465921013e-57
6.193414641801973952e-58
1.918697685974154885e-58
5.975613593262279035e-59
1.871069947735150758e-59
5.889335608381502331e-60
