3.948920732696552249e-02
3.948966451242191811e-02
3.949000774362976945e-02
3.949026558834656947e-02
3.949046485631288461e-02
3.949062317605219613e-02
3.949075196768561669e-02
3.949085882295548522e-02
3.949094894875355977e-02
3.949102602175040555e-02
3.949101211555553631e-02
3.949090828912150269e-02
3.949082435646365796e-02
3.949061525136318695e-02
3.638521619331313434e-02
3.400074903879684446e-02
3.275207939892681858e-02
3.195027250393943363e-02
3.123929726738952639e-02
3.062105945029539728e-02
3.012255356266150749e-02
2.959728190653721988e-02
2.939515063306491136e-02
2.939234476550592681e-02
2.939231304378853160e-02
2.939230047208250471e-02
2.939226254554755391e-02
2.949947196222755391e-02
3.016589665306776413e-02
3.131378045517040770e-02
3.069636290736927481e-02
3.009732253893347698e-02
2.951401049254080006e-02
2.894256206110882093e-02
2.837876921961624693e-02
2.781781531163976182e-02
2.725389044200177135e-02
2.667958644511987665e-02
2.608493642389971695e-02
2.545844806604004654e-02
2.483813122038823831e-02
2.424559241198071327e-02
2.367904677140005715e-02
2.313690388073825696e-02
2.261802861727804301e-02
2.212267714074064168e-02
2.165473571724146201e-02
2.122577869847366155e-02
2.086089706487000844e-02
2.060475045682276518e-02
2.292656780626853297e-02
2.284376618811726281e-02
2.272782209946020565e-02
2.259458193796633554e-02
2.245182735959514592e-02
2.230398050386193584e-02
2.242553424534287493e-02
2.260420868732205407e-02
2.294228285551424065e-02
2.345535037417999583e-02
2.415549243479081509e-02
2.504553257157317650e-02
2.609149388965337213e-02
2.724707127922265659e-02
2.847195787066367917e-02
2.973716632244496200e-02
3.102483562003166898e-02
3.248617662558799662e-02
3.467545585762534660e-02
3.638722343139871862e-02
3.771755892758256457e-02
3.877158760997558712e-02
3.974962610947795072e-02
4.000236513996907606e-02
3.958788880498486512e-02
3.927751926037329616e-02
3.908209139869033011e-02
3.894045199176747463e-02
3.883004682771603461e-02
3.874002892423050737e-02
3.866435247864932062e-02
3.859930556415790831e-02
3.854244592674169884e-02
3.849208072605504044e-02
3.844699066153010880e-02
3.840626612089369923e-02
3.836921410958128720e-02
3.833529060352119933e-02
3.830406479502541234e-02
3.827518649636468817e-02
3.824837169307965246e-02
3.822338213372328264e-02
3.820001794751777535e-02
3.817811275103914770e-02
3.815752246632146683e-02
3.813812325078985710e-02
3.811980900896738689e-02
3.810248660464346515e-02
3.808607414740766695e-02
3.807050128143323053e-02
3.805570445654392342e-02
3.804162598814589402e-02
3.802821648410058264e-02
3.801543048091261118e-02
3.800322823145130258e-02
3.799157177206587827e-02
3.798043081150963285e-02
3.796977232818835729e-02
3.795957037624384661e-02
3.794979954198626770e-02
3.794043878252020829e-02
3.793146639289816935e-02
3.792286302001859205e-02
3.791460875602105374e-02
3.790669315123487704e-02
3.789909686112791914e-02
3.789180678872219182e-02
3.788480993346565739e-02
3.787809619877900713e-02
3.787165332757300162e-02
3.786547181602166467e-02
3.785954003047688199e-02
3.785385378732940981e-02
3.784840135706075970e-02
3.784317466606697961e-02
3.783816872336445702e-02
3.783337620971308907e-02
3.782879110311203330e-02
3.782440612804237323e-02
3.782022036622607886e-02
3.781622200039039955e-02
3.781241270610304073e-02
3.780878401189645410e-02
3.780533541466526287e-02
3.780206011112501041e-02
3.779895784980682322e-02
3.779602293806354901e-02
3.779325419432182781e-02
3.779064562786031006e-02
3.778819848537289666e-02
3.778591043778137953e-02
3.778377743349745077e-02
3.778179816959611331e-02
3.777997226412341952e-02
3.777829771972953526e-02
3.777677284485243120e-02
3.777539726704844114e-02
3.777416877075773227e-02
3.777309060636351024e-02
3.777215636618427158e-02
3.777136968006848672e-02
3.777072964886540180e-02
3.777023709515969080e-02
3.776989149614191910e-02
3.776969183475314962e-02
3.776964094158413027e-02
3.776973797379924030e-02
3.776998333611629455e-02
3.777037990267893136e-02
3.777092759783015619e-02
3.777162950345086534e-02
3.777248614265353577e-02
3.777349702485920807e-02
3.777466868208221445e-02
3.777600035405725976e-02
3.777749466295985542e-02
3.777915475702200293e-02
3.778098568503748811e-02
3.778298538690869068e-02
3.778516248048211651e-02
3.778751768582683940e-02
3.779005698365114213e-02
3.779278233070646614e-02
3.779570050964887323e-02
3.779881291619009015e-02
3.780212763317257474e-02
3.780564944159230112e-02
3.780938251880659046e-02
3.781333854540067096e-02
3.781751848730435794e-02
3.782193110166982147e-02
3.782658495021612444e-02
3.783148629519755834e-02
3.783664439244960320e-02
3.784207018428486363e-02
3.784777167784648955e-02
3.785376037000119653e-02
3.786004573265644435e-02
3.786663985279330180e-02
3.787355696062612298e-02
3.787509406926268390e-02
3.784770389880284108e-02
3.782028223231069519e-02
3.779300307333800790e-02
3.776586564925241141e-02
3.773886932391885829e-02
3.771200843157970078e-02
3.768528277755928829e-02
3.765869567819464525e-02
3.763224075973890109e-02
3.760592013874974188e-02
3.757972800617606635e-02
3.755366663586023890e-02
3.752773395648700827e-02
3.750192404904240800e-02
3.747624894558640452e-02
3.745069115601354359e-02
3.742525720516112764e-02
3.739994811209864517e-02
3.737476161545312536e-02
3.734969539099206037e-02
3.732474339633370247e-02
3.729991550198143851e-02
3.727519857952914933e-02
3.725059948240215524e-02
3.722611501955333524e-02
3.720174407836315811e-02
3.717748403780832267e-02
3.715333654930363244e-02
3.712929819620335026e-02
