5.106824298453459791e-71
7.881493734365240774e-71
1.029962925139922944e-70
1.248764962120020468e-70
1.452436368076020035e-70
1.645586436446638781e-70
1.831086677334007251e-70
2.010841303293979078e-70
2.186196966828646160e-70
2.358189028935876779e-70
2.614512344124195166e-70
2.891065233708746972e-70
3.137070936288417770e-70
3.315236298355521457e-70
3.594806722313116583e-70
3.902271023390419708e-70
4.231247923558263184e-70
4.618786606641856054e-70
5.038175290448809082e-70
5.506290473222394693e-70
6.069230113140195548e-70
7.001951182397398252e-70
7.822459994340278896e-70
8.800539327884540467e-70
2.823490909137502172e-69
8.579097380351463298e-61
2.932740730337136380e-60
5.081477096188233208e-60
7.674948987583138967e-60
1.022456946967350636e-59
1.141504604970235627e-59
1.177691353123131974e-59
1.213712885778187465e-59
1.249688944062130296e-59
1.285621423126763438e-59
1.321512767490732699e-59
1.357366334412585027e-59
1.393187428549726715e-59
1.428987274817266197e-59
1.464856830620247265e-59
1.501869110069327565e-59
1.539910973491416472e-59
1.578566566494509526e-59
1.617625413352567132e-59
1.656965447861803712e-59
1.696507942502773080e-59
1.736195762686030683e-59
1.775978039804291394e-59
1.815797620144396562e-59
1.855596216868945532e-59
1.851643684626709245e-59
1.885486769555833049e-59
1.919668881966727959e-59
1.997178565212351588e-59
2.509416647457048169e-59
4.748404491963931260e-59
1.304790148977770351e-54
2.715987630316283520e-46
4.462231792462390806e-36
1.977236943705948443e-29
2.828314844000181230e-24
5.352780802720096626e-20
2.732355752885225102e-16
6.007552729947002870e-13
7.344174245542216552e-10
5.619469872086885383e-07
2.607063283997255250e-04
3.601726211779816833e-02
2.487290499661543863e-01
4.766752881453068524e-01
6.421880643957974533e-01
6.751771105497760272e-01
6.826201112589751485e-01
6.779230721540787652e-01
6.958116033091517050e-01
7.021931778565673188e-01
7.084959615619271789e-01
7.147076161498653324e-01
7.208250699864141575e-01
7.268480841136660819e-01
7.327775668875878834e-01
7.386149564978327087e-01
7.443619478974448089e-01
7.500203570611203574e-01
7.555920495235278755e-01
7.610789004275786418e-01
7.664827667827112112e-01
7.718054783515481132e-01
7.770488238097656986e-01
7.822145512190962213e-01
7.873043603692411185e-01
7.923199042748584331e-01
7.972627895831897460e-01
8.021345749619437360e-01
8.069367726934678631e-01
8.116708497987321635e-01
8.163382284962824587e-01
8.209402898007251981e-01
8.254783720399545555e-01
8.299537731419693865e-01
8.343677532623685611e-01
8.387215346352322465e-01
8.430163035040516561e-01
8.472532108815911123e-01
8.514333751479546963e-01
8.555578817966150718e-01
8.596277851130005310e-01
8.636441088962876211e-01
8.676078501008023247e-01
8.715199744772815782e-01
8.753814242216706454e-01
8.791931125247626211e-01
8.829559305914935763e-01
8.866707420473858292e-01
8.903383908291584437e-01
8.939596953163226889e-01
8.975354533945799629e-01
9.010664427479044836e-01
9.045534186373336283e-01
9.079971192077088693e-01
9.113982609327243578e-01
9.147575446142923727e-01
9.180756512575209971e-01
9.213532457866843162e-01
9.245909762292221501e-01
9.277894739671108670e-01
9.309493554118801750e-01
9.340712216740308937e-01
9.371556591306001716e-01
9.402032403217925882e-01
9.432145229776225381e-01
9.461900524663090506e-01
9.491303613913142367e-01
9.520359681544532382e-01
9.549073806711670942e-01
9.577450943478570400e-01
9.605495926104680171e-01
9.633213481793602151e-01
9.660608226370722695e-01
9.687684670427146871e-01
9.714447222444930752e-01
9.740900182936407248e-01
9.767047765368229717e-01
9.792894080803140611e-01
9.818443148501965201e-01
9.843698898970411060e-01
9.868665174261117556e-01
9.893345725775137822e-01
9.917744231883166561e-01
9.941864269746940597e-01
9.965709355536070957e-01
9.989282921229811762e-01
1.001258831720859943e+00
1.003562882457158523e+00
1.005840764389279940e+00
1.008092791848546277e+00
1.010319270793652136e+00
1.012520500962436287e+00
1.014696775057272182e+00
1.016848379734110797e+00
1.018975594701811094e+00
1.021078693486757949e+00
1.023157943362685840e+00
1.025213605901934333e+00
1.027245936167256346e+00
1.029255183706241583e+00
1.031241592244809269e+00
1.033205399595306107e+00
1.035146838586177509e+00
1.037066135900685859e+00
1.038963513352512358e+00
1.040839187035630165e+00
1.042693368272730181e+00
1.044526263256931431e+00
1.046338072465355928e+00
1.048128992277514104e+00
1.049899213995066694e+00
1.051648923649940670e+00
1.053378302938798194e+00
1.055087528581188261e+00
1.056776773489334520e+00
1.058446205254423900e+00
1.060095987410944129e+00
1.061726279094207026e+00
1.063337235072202791e+00
1.064929005671100049e+00
1.066501737657156168e+00
1.068055573018457549e+00
1.069590650169434332e+00
1.071107103348613476e+00
1.072662000273864935e+00
1.074487655485510951e+00
1.076294693820269099e+00
1.078081592641649822e+00
1.079848559337415193e+00
1.081595797949756355e+00
1.083323509921665151e+00
1.085031893332294661e+00
1.086721142546928975e+00
1.088391450337954369e+00
1.090043005479092164e+00
1.091675994611633005e+00
1.093290601190868072e+00
1.094887006179108280e+00
1.096465388111915074e+00
1.098025921486438516e+00
1.099568780645552302e+00
1.101094135729433932e+00
1.102602154412822166e+00
1.104093002487866571e+00
1.105566843483605233e+00
1.107023838717236641e+00
1.108464145921479460e+00
1.109887922534558591e+00
1.111295322375667416e+00
1.112686497556108600e+00
1.114061598154904242e+00
1.115420772223351120e+00
1.116764165438913992e+00
1.118091921932077959e+00
