6.169397719619645597e-320
6.169397719619645597e-320
6.169397719619645597e-320
6.169397719619645597e-320
6.169397719619645597e-320
6.169397719619645597e-320
6.169397719619645597e-320
6.169397719619645597e-320
6.169397719619645597e-320
6.169397719619645597e-320
6.169397719619645597e-320
6.169397719619645597e-320
6.169397719619645597e-320
6.169397719619645597e-320
6.169397719619645597e-320
6.169397719619645597e-320
6.169397719619645597e-320
6.169397719619645597e-320
6.169397719619645597e-320
6.169397719619645597e-320
6.169397719619645597e-320
3.677269113073722978e-02
3.334217999780887676e-02
2.817899528278630661e-02
2.354670750223477466e-02
2.770066288050965567e-02
3.988142167183984788e-02
5.300955910048409797e-02
5.912180663939049785e-02
8.073424280812466214e-02
9.081887564207974384e-02
9.376822497622538943e-02
9.670144869123110942e-02
9.962817734618965859e-02
1.025484923166306711e-01
1.054622931134740621e-01
1.083691686960794875e-01
1.112680695819511650e-01
1.141561028583426562e-01
1.170058905307178043e-01
1.194887069433143434e-01
1.216381132753062283e-01
1.235810444491311638e-01
1.253819175737695135e-01
1.270783218918560276e-01
1.286948073149414007e-01
1.302499561382778337e-01
1.317615186563226848e-01
1.332512819434442108e-01
1.347442926495850957e-01
2.948576399641758897e-02
2.192551493465836471e-02
1.611177328114293469e-02
1.139572549068194884e-02
7.439879020802914016e-03
4.041924134972368042e-03
4.722277039947919632e-04
4.331390374672992351e-03
1.175062123938894892e-02
2.225145839452849147e-02
3.208259318836308160e-02
4.161202545564372801e-02
5.070908161891878041e-02
5.936050220486699391e-02
6.761537703542785938e-02
7.553277135332753245e-02
8.315326242955169145e-02
8.884550533096755021e-02
1.058120206798769530e-01
5.574227684957512585e-02
7.469015862354874864e-03
3.778991682489175067e-143
6.181749360765676761e-320
1.933701491975636138e-03
6.169397719619645597e-320
6.169397719619645597e-320
6.169397719619645597e-320
6.169397719619645597e-320
6.169397719619645597e-320
6.169397719619645597e-320
6.169397719619645597e-320
6.169397719619645597e-320
6.169397719619645597e-320
6.169397719619645597e-320
6.169397719619645597e-320
6.169397719619645597e-320
6.169397719619645597e-320
6.169397719619645597e-320
6.169397719619645597e-320
6.169397719619645597e-320
6.169397719619645597e-320
6.169397719619645597e-320
6.169397719619645597e-320
6.169397719619645597e-320
6.169397719619645597e-320
6.169397719619645597e-320
6.169397719619645597e-320
6.169397719619645597e-320
6.169397719619645597e-320
6.169397719619645597e-320
6.169397719619645597e-320
6.169397719619645597e-320
6.169397719619645597e-320
6.169397719619645597e-320
6.169397719619645597e-320
6.169397719619645597e-320
6.169397719619645597e-320
6.169397719619645597e-320
6.169397719619645597e-320
6.169397719619645597e-320
6.169397719619645597e-320
6.169397719619645597e-320
6.169397719619645597e-320
6.169397719619645597e-320
6.169397719619645597e-320
6.169397719619645597e-320
6.169397719619645597e-320
6.169397719619645597e-320
6.169397719619645597e-320
6.169397719619645597e-320
6.169397719619645597e-320
6.169397719619645597e-320
6.169397719619645597e-320
6.169397719619645597e-320
6.169397719619645597e-320
6.169397719619645597e-320
6.169397719619645597e-320
6.169397719619645597e-320
6.169397719619645597e-320
6.169397719619645597e-320
6.169397719619645597e-320
6.169397719619645597e-320
6.169397719619645597e-320
6.169397719619645597e-320
6.169397719619645597e-320
6.169397719619645597e-320
6.169397719619645597e-320
6.169397719619645597e-320
6.169397719619645597e-320
6.169397719619645597e-320
6.169397719619645597e-320
6.169397719619645597e-320
6.169397719619645597e-320
6.169397719619645597e-320
6.169397719619645597e-320
6.169397719619645597e-320
6.169397719619645597e-320
6.169397719619645597e-320
6.169397719619645597e-320
6.169397719619645597e-320
6.169397719619645597e-320
6.169397719619645597e-320
6.169397719619645597e-320
6.169397719619645597e-320
6.169397719619645597e-320
6.169397719619645597e-320
6.169397719619645597e-320
6.169397719619645597e-320
6.169397719619645597e-320
6.169397719619645597e-320
6.169397719619645597e-320
6.169397719619645597e-320
6.169397719619645597e-320
6.169397719619645597e-320
6.169397719619645597e-320
6.169397719619645597e-320
6.169397719619645597e-320
6.169397719619645597e-320
6.169397719619645597e-320
6.169397719619645597e-320
6.169397719619645597e-320
6.169397719619645597e-320
6.169397719619645597e-320
6.169397719619645597e-320
6.169397719619645597e-320
6.169397719619645597e-320
6.169397719619645597e-320
6.169397719619645597e-320
6.169397719619645597e-320
6.169397719619645597e-320
6.169397719619645597e-320
6.169397719619645597e-320
6.169397719619645597e-320
6.169397719619645597e-320
6.169397719619645597e-320
6.169397719619645597e-320
6.169397719619645597e-320
6.169397719619645597e-320
6.169397719619645597e-320
6.169397719619645597e-320
6.169397719619645597e-320
6.169397719619645597e-320
6.169397719619645597e-320
6.169397719619645597e-320
6.169397719619645597e-320
6.169397719619645597e-320
6.169397719619645597e-320
6.169397719619645597e-320
6.169397719619645597e-320
6.169397719619645597e-320
6.169397719619645597e-320
6.169397719619645597e-320
6.169397719619645597e-320
6.169397719619645597e-320
6.169397719619645597e-320
6.169397719619645597e-320
6.169397719619645597e-320
6.169397719619645597e-320
6.169397719619645597e-320
6.169397719619645597e-320
6.169397719619645597e-320
6.169397719619645597e-320
6.169397719619645597e-320
6.169397719619645597e-320
6.169397719619645597e-320
6.169397719619645597e-320
6.169397719619645597e-320
6.169397719619645597e-320
6.169397719619645597e-320
6.169397719619645597e-320
