6.160951520389488193e-139
2.152282333023612848e-121
4.062740680138880098e-134
5.858629140727760885e-145
1.623811786737651675e-154
1.959253144052391018e-163
3.423263732870023073e-172
3.915044496200655377e-181
1.720019685326604912e-190
2.239546519596135080e-200
1.170736137266197373e-234
3.623331403806919678e-220
6.150643733886738007e-123
1.553004340519458580e-76
8.098127062161340060e-63
1.140086777712317259e-53
6.759126018328900856e-45
1.991700099273603808e-39
9.023698667511806747e-34
6.109811110372450112e-27
4.517987640520814187e-17
4.676408854895146294e-02
4.250443594104059281e-02
3.613921021827734559e-02
3.058910054133837791e-02
2.828615731627742713e-02
2.387250365799858595e-02
1.876951735653143577e-02
6.848265106032070906e-20
2.500418362786493922e-268
6.194101001911707924e-320
6.169397719619645597e-320
6.169397719619645597e-320
6.169397719619645597e-320
6.169397719619645597e-320
6.169397719619645597e-320
6.169397719619645597e-320
6.169397719619645597e-320
6.169397719619645597e-320
6.169397719619645597e-320
6.169397719619645597e-320
6.169397719619645597e-320
6.169397719619645597e-320
6.169397719619645597e-320
6.169397719619645597e-320
6.169397719619645597e-320
6.169397719619645597e-320
6.169397719619645597e-320
6.169397719619645597e-320
6.169397719619645597e-320
6.169397719619645597e-320
6.169397719619645597e-320
6.169397719619645597e-320
6.169397719619645597e-320
6.169397719619645597e-320
6.169397719619645597e-320
6.169397719619645597e-320
6.169397719619645597e-320
6.169397719619645597e-320
6.169397719619645597e-320
6.169397719619645597e-320
6.169397719619645597e-320
6.169397719619645597e-320
6.169397719619645597e-320
6.169397719619645597e-320
6.169397719619645597e-320
6.169397719619645597e-320
6.169397719619645597e-320
6.169397719619645597e-320
6.169397719619645597e-320
6.169397719619645597e-320
6.169397719619645597e-320
6.169397719619645597e-320
6.169397719619645597e-320
6.169397719619645597e-320
6.169397719619645597e-320
6.169397719619645597e-320
6.169397719619645597e-320
6.169397719619645597e-320
6.169397719619645597e-320
6.169397719619645597e-320
6.169397719619645597e-320
6.169397719619645597e-320
6.169397719619645597e-320
6.169397719619645597e-320
6.169397719619645597e-320
6.169397719619645597e-320
6.169397719619645597e-320
6.169397719619645597e-320
6.169397719619645597e-320
6.169397719619645597e-320
6.169397719619645597e-320
6.169397719619645597e-320
6.169397719619645597e-320
6.169397719619645597e-320
6.169397719619645597e-320
6.169397719619645597e-320
6.169397719619645597e-320
6.169397719619645597e-320
6.169397719619645597e-320
6.169397719619645597e-320
6.169397719619645597e-320
6.169397719619645597e-320
6.169397719619645597e-320
6.169397719619645597e-320
6.169397719619645597e-320
6.169397719619645597e-320
6.169397719619645597e-320
6.169397719619645597e-320
6.169397719619645597e-320
6.169397719619645597e-320
6.169397719619645597e-320
6.169397719619645597e-320
6.169397719619645597e-320
6.169397719619645597e-320
6.169397719619645597e-320
6.169397719619645597e-320
6.169397719619645597e-320
6.169397719619645597e-320
6.169397719619645597e-320
6.169397719619645597e-320
6.169397719619645597e-320
6.169397719619645597e-320
6.169397719619645597e-320
6.169397719619645597e-320
6.169397719619645597e-320
6.169397719619645597e-320
6.169397719619645597e-320
6.169397719619645597e-320
6.169397719619645597e-320
6.169397719619645597e-320
6.169397719619645597e-320
6.169397719619645597e-320
6.169397719619645597e-320
6.169397719619645597e-320
6.169397719619645597e-320
6.169397719619645597e-320
6.169397719619645597e-320
6.169397719619645597e-320
6.169397719619645597e-320
6.169397719619645597e-320
6.169397719619645597e-320
6.169397719619645597e-320
6.169397719619645597e-320
6.169397719619645597e-320
6.169397719619645597e-320
6.169397719619645597e-320
6.169397719619645597e-320
6.169397719619645597e-320
6.169397719619645597e-320
6.169397719619645597e-320
6.169397719619645597e-320
6.169397719619645597e-320
6.169397719619645597e-320
6.169397719619645597e-320
6.169397719619645597e-320
6.169397719619645597e-320
6.169397719619645597e-320
6.169397719619645597e-320
6.169397719619645597e-320
6.169397719619645597e-320
6.169397719619645597e-320
6.169397719619645597e-320
6.169397719619645597e-320
6.169397719619645597e-320
6.169397719619645597e-320
6.169397719619645597e-320
6.169397719619645597e-320
6.169397719619645597e-320
6.169397719619645597e-320
6.169397719619645597e-320
6.169397719619645597e-320
6.169397719619645597e-320
6.169397719619645597e-320
6.169397719619645597e-320
6.169397719619645597e-320
6.169397719619645597e-320
6.169397719619645597e-320
6.169397719619645597e-320
6.169397719619645597e-320
6.169397719619645597e-320
6.169397719619645597e-320
6.169397719619645597e-320
6.169397719619645597e-320
6.169397719619645597e-320
6.169397719619645597e-320
6.169397719619645597e-320
6.169397719619645597e-320
6.169397719619645597e-320
6.169397719619645597e-320
6.169397719619645597e-320
6.169397719619645597e-320
6.169397719619645597e-320
6.169397719619645597e-320
6.169397719619645597e-320
6.169397719619645597e-320
6.169397719619645597e-320
6.169397719619645597e-320
6.169397719619645597e-320
6.169397719619645597e-320
6.169397719619645597e-320
6.169397719619645597e-320
6.169397719619645597e-320
6.169397719619645597e-320
6.169397719619645597e-320
6.169397719619645597e-320
6.169397719619645597e-320
6.169397719619645597e-320
6.169397719619645597e-320
6.169397719619645597e-320
6.169397719619645597e-320
6.169397719619645597e-320
6.169397719619645597e-320
6.169397719619645597e-320
6.169397719619645597e-320
6.169397719619645597e-320
6.169397719619645597e-320
6.169397719619645597e-320
6.169397719619645597e-320
6.169397719619645597e-320
