3.342203747164400052e-01
5.586659807587039950e-01
7.904558471613957193e-01
1.029514617692036227e+00
1.273856327062929505e+00
1.522006827267021078e+00
1.772947956150325188e+00
2.025962309729424149e+00
2.280517901746941245e+00
2.536183040700211055e+00
2.848808864943360053e+00
3.144406145313148659e+00
3.439356017959888767e+00
3.693623960380908233e+00
3.931424461469718690e+00
4.162991549412864423e+00
4.379538792222810173e+00
4.549675998247397324e+00
4.693101353173071644e+00
4.796093371217423851e+00
4.821250483599034631e+00
4.385986604880278250e+00
4.203708767657943213e+00
3.889610202455032084e+00
3.615516158167042082e+00
4.010483691821905339e+00
5.026063148193943952e+00
6.114994474232184452e+00
7.262329327727316652e+00
8.410044608300493607e+00
7.060114241300008864e+00
7.289391944743881524e+00
7.517416068328492962e+00
7.744935276325917606e+00
7.971955894739591209e+00
8.198470111708775931e+00
8.424445973591600634e+00
8.649801895295869514e+00
8.874312986408183335e+00
9.095850925390353225e+00
9.288861105148345843e+00
9.455952518112372474e+00
9.606992882279035584e+00
9.746989880745887902e+00
9.878865641158650845e+00
1.000452863440423634e+01
1.012542341841640692e+01
1.024292987271689626e+01
1.035874168964614661e+01
1.047480649982038869e+01
1.165063861149001134e+01
1.190822204863243883e+01
1.215780974161954120e+01
1.240318004205699332e+01
1.264603820625710284e+01
1.288726957228913683e+01
1.313791356757905326e+01
1.336719466465508255e+01
1.359232787305795043e+01
1.381317141239415136e+01
1.403051700284310499e+01
1.424385939349768648e+01
1.445310128437972530e+01
1.465825970513845533e+01
1.485940676011922434e+01
1.505664412286233045e+01
1.525026154443513171e+01
1.546434447686600500e+01
1.579785567681558511e+01
1.625010529621714639e+01
1.663514147561632939e+01
1.687941635719016986e+01
1.706550255800571492e+01
1.709839966226747165e+01
1.739529008030438106e+01
1.755482944591823724e+01
1.771239903896406886e+01
1.786769040373345163e+01
1.802062674965833011e+01
1.817120210284136661e+01
1.831943917218976026e+01
1.846537391244587312e+01
1.860904869743595924e+01
1.875050892652817680e+01
1.888980123808820011e+01
1.902697251068949669e+01
1.916206916956782891e+01
1.929513695878861768e+01
1.942622059524395794e+01
1.955536378047734658e+01
1.968260900923105083e+01
1.980799760687141386e+01
1.993156973957961497e+01
2.005336437404852745e+01
2.017341931733655969e+01
2.029177124496827389e+01
2.040845571240705425e+01
2.052350724501801693e+01
2.063695930099887832e+01
2.074884432854922878e+01
2.085919383155917828e+01
2.096803836588085090e+01
2.107540758760138999e+01
2.118133027204002516e+01
2.128583437869897921e+01
2.138894704491537269e+01
2.149069462782500040e+01
2.159110272240723560e+01
2.169019625252003181e+01
2.178799936193222919e+01
2.188453560554165023e+01
2.197982781311915090e+01
2.207389826478744155e+01
2.216676855118488021e+01
2.225845977072899728e+01
2.234899238290810786e+01
2.243838633486463863e+01
2.252666106869769536e+01
2.261383546593335936e+01
2.269992798019269031e+01
2.278495652331812948e+01
2.286893861535719807e+01
2.295189128143810109e+01
2.303383114466704029e+01
2.311477440573049691e+01
2.319473684917791445e+01
2.327373388529705522e+01
2.335178054185083241e+01
2.342889147826504725e+01
2.350508100804469080e+01
2.358036307444061563e+01
2.365475131165776546e+01
2.372825903478285881e+01
2.380089920386134494e+01
2.387268451677904224e+01
2.394362735869633951e+01
2.401373981526161572e+01
2.408303370448417979e+01
2.415152056592689434e+01
2.421921167606779690e+01
2.428611805611221897e+01
2.435225045734102522e+01
2.441761941342066677e+01
2.448223520200784264e+01
2.454610787125500337e+01
2.460924724742585923e+01
2.467166293565261626e+01
2.473336431443785344e+01
2.479436057970782059e+01
2.485466067436745874e+01
2.491427338884016152e+01
2.497320730307443881e+01
2.503147079302146238e+01
2.508907206142922774e+01
2.514601910973192744e+01
2.520231979621373597e+01
2.525798176984153542e+01
2.531301252406086277e+01
2.536741937643181899e+01
2.542120949335282276e+01
2.547438986754526624e+01
2.552696733716891231e+01
2.557894858406703875e+01
2.563034014754839518e+01
2.568114840418151346e+01
2.573137959265590879e+01
2.578103980612032231e+01
2.583013498988265511e+01
2.587867096465443595e+01
2.592665339751703968e+01
2.597408783381295194e+01
2.602097967589063643e+01
2.606733420681836577e+01
2.611315658142316209e+01
2.615845181163380673e+01
2.620322480693796408e+01
2.624748034987647927e+01
2.629122309124842261e+01
2.633445757346995464e+01
2.637718821452958196e+01
2.641941933723327196e+01
2.646115513136077624e+01
2.650239968527354151e+01
2.654315697735523827e+01
2.658343087680509242e+01
2.662322514177750321e+01
2.666254344142901189e+01
2.670138932546160504e+01
2.673976625423606635e+01
2.677767758371531315e+01
2.681655000679402434e+01
2.686219138713780552e+01
2.690736734550652898e+01
2.695203981604096910e+01
2.699621398343535006e+01
2.703989494874386779e+01
2.708308774804143937e+01
2.712579733330669640e+01
2.716802856367291596e+01
2.720978625844823995e+01
2.725107513697717110e+01
2.729189986529031486e+01
2.733226502977133165e+01
2.737217515447738236e+01
2.741163470279768077e+01
2.745064803716073243e+01
2.748921951613858994e+01
2.752735339323513486e+01
2.756505386032018734e+01
2.760232506219653459e+01
2.763917108708930215e+01
2.767559596793076793e+01
2.771160364803699849e+01
2.774719806336338124e+01
2.778238305939130370e+01
2.781716243890201667e+01
2.785153995387232584e+01
2.788551930558364589e+01
2.791910413597254603e+01
2.795229804830151110e+01
