1.159563341442022312e-02
1.466018970536343141e-02
1.795445654409989419e-02
2.124441130030387676e-02
2.444967834754825653e-02
2.753908760980207718e-02
3.050156955122335090e-02
3.333523027693049284e-02
3.604253513120669883e-02
3.862790826413155243e-02
4.000351340760445462e-02
4.000370599634526375e-02
4.000388247316812029e-02
4.000404598082241137e-02
4.000432749091811097e-02
4.000458079900976599e-02
4.000478229753842707e-02
4.000496027927553933e-02
4.000512910990118576e-02
4.000528872979175476e-02
4.000543755255431960e-02
4.000560912079761944e-02
4.000573321934043636e-02
4.000584091264039466e-02
4.000593955832648652e-02
4.000596497119243006e-02
4.000607386252431202e-02
4.000617317748714208e-02
4.000625225589826001e-02
4.000626034648490509e-02
3.987803371541432523e-02
3.955904858385238948e-02
3.919787609477035778e-02
3.880162436742815024e-02
3.837574138537641621e-02
3.792453730119737382e-02
3.745140647368085107e-02
3.695900532561208207e-02
3.644939300802213511e-02
3.592414122779132024e-02
3.538441750269863406e-02
3.483105124768521438e-02
3.426458160066331998e-02
3.368529722555877598e-02
3.309327063446366318e-02
3.248841146506138700e-02
3.187057065689784252e-02
3.123972419869599365e-02
3.059624861604324370e-02
2.994104359199563706e-02
2.982562889932146785e-02
2.926776424730254816e-02
2.869555679874906048e-02
2.810890832452163715e-02
2.750640360631464998e-02
2.688569073045682031e-02
2.640772079413691506e-02
2.600282241108915413e-02
2.565212508035788139e-02
2.534492603099856162e-02
2.507185490718055743e-02
2.482959809118161568e-02
2.461183636389376039e-02
2.441272795615323857e-02
2.422818341646382559e-02
2.405556184296287967e-02
2.389322135796309934e-02
2.374743720255569762e-02
2.364795155824089140e-02
2.355117901021687790e-02
2.343111054167018592e-02
2.325827480315655060e-02
2.307702369943792978e-02
2.290024961772916048e-02
2.278123033402620207e-02
2.265531331063496551e-02
2.253428418247445039e-02
2.241822763469096536e-02
2.230683662741260800e-02
2.219973897000204061e-02
2.209657267559786420e-02
2.199700673505335102e-02
2.190074571787119923e-02
2.180752826160442179e-02
2.171712360709067771e-02
2.162932698111058941e-02
2.154395788855532207e-02
2.146085443951800328e-02
2.137987320112044037e-02
2.130088412875621312e-02
2.122377125503007583e-02
2.114842900409137638e-02
2.107476150168546142e-02
2.100268155581843862e-02
2.093210915551854678e-02
2.086297153562886170e-02
2.079520138343738181e-02
2.072873657267618186e-02
2.066351950420518280e-02
2.059949756041285635e-02
2.053662128122302546e-02
2.047484482110366322e-02
2.041412543131494381e-02
2.035442364538642135e-02
2.029570185516848396e-02
2.023792555576593710e-02
2.018106210615883134e-02
2.012508143713560155e-02
2.006995430090053809e-02
2.001565461384536768e-02
1.996215646470688582e-02
1.990943716380268527e-02
1.985747315324680115e-02
1.980624481144774643e-02
1.975573164246340399e-02
1.970591559965213097e-02
1.965677943894675664e-02
1.960830621235479937e-02
1.956048151720880465e-02
1.951329002373532878e-02
1.946671918399254728e-02
1.942075558309177413e-02
1.937538790233576252e-02
1.933060482266398677e-02
1.928639595037829821e-02
1.924275197685772210e-02
1.919966373768352066e-02
1.915712313563901550e-02
1.911512234241370678e-02
1.907365430881314758e-02
1.903271283238026565e-02
1.899229192587994011e-02
1.895238590104084825e-02
1.891299077142247903e-02
1.887410154980559071e-02
1.883571488603008257e-02
1.879782728707902334e-02
1.876043631816234902e-02
1.872353960533386721e-02
1.868713552851750115e-02
1.865122242261316177e-02
1.861580004957142515e-02
1.858086775099077395e-02
1.854642578382038540e-02
1.851247465939696857e-02
1.847901553379880518e-02
1.844604984841225967e-02
1.841357973716362118e-02
1.838160729744418159e-02
1.835013623363601284e-02
1.831916935342856392e-02
1.828871052369521535e-02
1.825876451428963196e-02
1.822933577522273252e-02
1.820043009698273789e-02
1.817205312939419726e-02
1.814421106855703542e-02
1.811691103651455470e-02
1.809016062514427065e-02
1.806396740669628104e-02
1.803834012711679272e-02
1.801328802406647334e-02
1.798882043500933670e-02
1.796494788562493991e-02
1.794168094611460137e-02
1.791903148313801417e-02
1.789701132986051477e-02
1.787563322129154600e-02
1.785491066495018334e-02
1.783485783984334674e-02
1.781548921816752257e-02
1.779682075829869953e-02
1.777886853940919068e-02
1.776164953054202786e-02
1.774518151886694470e-02
1.772948311990269268e-02
1.771457348010930383e-02
1.770047330924510651e-02
1.768720336262389128e-02
1.767478585794287488e-02
1.766324357995694913e-02
1.765260023483268548e-02
1.764288082841728583e-02
1.763411082708509631e-02
1.762631738717593266e-02
1.761952818860744452e-02
1.761377227262080070e-02
1.760907974896607289e-02
1.760548189740686678e-02
1.760301121137904448e-02
1.756939011496182201e-02
1.737261249602680205e-02
1.717680017657081601e-02
1.698291927011437441e-02
1.679095233567437853e-02
1.660088264749782702e-02
1.641269311251061444e-02
1.622636737278754585e-02
1.604188955074880088e-02
1.585924316865361047e-02
1.567841313822523550e-02
1.549938355803397866e-02
1.532213942267163578e-02
1.514666587354321359e-02
1.497294790862146834e-02
1.480097187984763876e-02
1.463072259715736921e-02
1.446218640576867574e-02
1.429534970639353454e-02
1.413019897591924999e-02
1.396672049883280857e-02
1.380490107383954695e-02
1.364472819832812135e-02
1.348618866375059580e-02
1.332927009890974915e-02
1.317396017686718081e-02
1.302024667111957579e-02
1.286811744502473417e-02
1.271756091459135332e-02
1.256856522993645038e-02
