1.448337927111951623e-13
2.286401338983890222e-13
3.032577151898596862e-13
3.718048331435668768e-13
4.363724156465902203e-13
4.982069668969230939e-13
5.580916557363799547e-13
6.165483377570071800e-13
6.739483103864359063e-13
7.305814298385064761e-13
7.843827555735501448e-13
8.597949625106308176e-13
9.434834516536419929e-13
1.034648509440611101e-12
1.132724089843073278e-12
1.235232894708240305e-12
1.346014686311930661e-12
1.477608013525612139e-12
1.620904044288257695e-12
1.781898433119889852e-12
1.976960518481847863e-12
2.303452257983796145e-12
2.593151498777284246e-12
2.941645694732223491e-12
1.044452329772185119e-11
1.792919668313424850e-02
6.710806947063686911e-02
1.210646183934821901e-01
1.884874143921297929e-01
2.564982062544233221e-01
2.885391638083059096e-01
2.981996383584976651e-01
3.078341306924187726e-01
3.174722836261680281e-01
3.271142270457335632e-01
3.367602334789716600e-01
3.464108319757641663e-01
3.560670976046462766e-01
3.657317113594351632e-01
3.754288638101403452e-01
3.854476774264220529e-01
3.957588934532976221e-01
4.062510748771524516e-01
4.168676965920299349e-01
4.275758946603144817e-01
4.383546793309185952e-01
4.491895164502669457e-01
4.600693028076881519e-01
4.709842695254637945e-01
4.819288153398446628e-01
4.810112851942447421e-01
4.903554063662287632e-01
4.997867583180134465e-01
5.092639643891611057e-01
5.187684139066005562e-01
5.282904477053064207e-01
5.375001251498549015e-01
5.467244236720056882e-01
5.558120011005853733e-01
5.647575747259127033e-01
5.735522231129096538e-01
5.821820115680321761e-01
5.906416587325186152e-01
5.989314035405816083e-01
6.070544588278609099e-01
6.150148780333107856e-01
6.225653347655174530e-01
5.953635764264881836e-01
3.953926490846091379e-01
1.802116456504456177e-01
2.568467981481032184e-02
5.006840572663559833e-04
5.306710495570004898e-06
1.216088599025140146e-02
3.897502432526366034e-08
7.364709787322709584e-09
1.125210560124930016e-09
1.601473875493959999e-10
2.235262336624014970e-11
3.122562002367379118e-12
4.404408820834668552e-13
6.294914363382498192e-14
9.124947696109602006e-15
1.341046640191440944e-15
1.996179548349480881e-16
3.005009127529535965e-17
4.568126160500252337e-18
7.000793014593171490e-19
1.079914373974928497e-19
1.674009768044363497e-20
2.603716241431257091e-21
4.057522155583181823e-22
6.325835070353907114e-23
9.853153586496186158e-24
1.531289676757950375e-24
2.371347280607636373e-25
3.654898368937474712e-26
5.599627483341560579e-27
8.517999870561469484e-28
1.285068131735699773e-28
1.920558245925106971e-29
2.840355675012449308e-30
4.152282380024458449e-31
5.994148951538262984e-32
8.535241666694224596e-33
1.197576026029675496e-33
1.654050085234801468e-34
2.246526815526318210e-35
2.997210149676449228e-36
3.924160016422604168e-37
5.036445412046456743e-38
6.330281049025531369e-39
7.783349415667754218e-40
9.352540298962580216e-41
1.097216203220838000e-41
1.256473883461415289e-42
1.410582860554628997e-43
1.606548466491021710e-44
2.263208869447626265e-45
6.572272073359993800e-46
3.868125357512052374e-46
2.829663823849658535e-46
2.163164033513377042e-46
1.679158725267072373e-46
1.318107986080973503e-46
1.045594477872562668e-46
8.378437256245946531e-47
6.779866685581161022e-47
5.538503700297775077e-47
4.567223312512816503e-47
3.799840472503011537e-47
3.189777324554716411e-47
2.700648049753558190e-47
2.306080102840365417e-47
1.985376917985970025e-47
1.723326501312752496e-47
1.507759872012194749e-47
1.329570996026007215e-47
1.181371081810685299e-47
1.057741754548881846e-47
9.542082077731768677e-48
8.671556358339480249e-48
7.938061082635905953e-48
7.319642606975094854e-48
6.798007020870142185e-48
6.358515439937452827e-48
5.989688805885721874e-48
5.681766891106733133e-48
5.428199007107617315e-48
5.221493835963832357e-48
5.057925856872487321e-48
4.933664636652791177e-48
4.846213323402346554e-48
4.793600693026603690e-48
4.774491633702303651e-48
4.789100355343291237e-48
4.837574860614799091e-48
4.921013971503791210e-48
5.041882340361729505e-48
5.202848575551480287e-48
5.408309196737322319e-48
5.663231510125501172e-48
5.973653916784885737e-48
6.349184496940268016e-48
6.799608548570899309e-48
7.338197469877005412e-48
7.981709733250976714e-48
8.751942967805416438e-48
9.673257186059624716e-48
1.078127960389076446e-47
1.211738137507162667e-47
1.373740392200785553e-47
1.571055556607807232e-47
1.813007335961604079e-47
2.111311472243637426e-47
2.481970263601611743e-47
2.945910707150239075e-47
3.530909865943803653e-47
4.275676704026153364e-47
5.230833914141768093e-47
6.467205851169866073e-47
8.082755108240105726e-47
1.021293751917813617e-46
1.304858086131239525e-46
1.685953945973128172e-46
2.202394994848671100e-46
2.907215169977794453e-46
3.871632087318245537e-46
5.179571754952936309e-46
6.848846981115972156e-46
6.576574071023089188e-46
2.015405988300078916e-46
5.612594536328269508e-47
1.545566024719652997e-47
4.252227425325786478e-48
1.172849518016071892e-48
3.247474145341063576e-49
9.034279987889455253e-50
2.526788195521193653e-50
7.105471719345743956e-51
2.009545850828135929e-51
5.715313072460287831e-52
1.634973515004895908e-52
4.704429845453363250e-53
1.361251925665971544e-53
3.963325304625093293e-54
1.160241428356083364e-54
3.416207703390836830e-55
1.011754993677310651e-55
3.013737812764993514e-56
9.028129399636988360e-57
2.719185698638791446e-57
8.238041539350857228e-58
2.509006892741940709e-58
7.684387928040789163e-59
2.366386028336506523e-59
7.326759643621013976e-60
2.280537259634264566e-60
7.136631890949589756e-61
2.245005957136284220e-61
