4.000016381748756900e-02
4.000055798276043462e-02
4.000092857916889844e-02
4.000123731098132601e-02
4.000149200615917000e-02
4.000170427605130585e-02
4.000188366806795015e-02
4.000203732253840294e-02
4.000217045755607992e-02
4.000228682882363274e-02
4.000252533816364697e-02
4.000278350652905490e-02
4.000293441474927353e-02
4.000302826348601376e-02
4.000305013668122023e-02
4.000304632197369120e-02
4.000305269488823451e-02
4.000312236120141807e-02
4.000319711097431036e-02
4.000327490322389684e-02
4.000334688611976303e-02
3.955255329286585381e-02
3.928243362473501921e-02
3.927868398223376134e-02
3.927864159067492866e-02
3.927862479037975973e-02
3.927857410696568990e-02
3.942184422819242084e-02
4.000294227619938248e-02
3.119173685808510413e-02
5.659849248183554220e-04
2.497172670461533668e-10
8.271616160616808698e-18
4.460161228111644919e-26
5.559878825521729383e-35
2.033832676504538289e-44
2.601804845748692386e-54
1.328254524090074961e-64
2.990816880860720433e-75
3.202168638194410876e-86
1.724428947538427538e-97
4.856056785379422373e-109
7.332944277586161457e-121
6.016542982861219972e-133
2.689337668968644369e-145
6.518138639409775817e-158
8.514284636859475778e-171
5.974345522570915770e-184
2.295876689014457138e-197
5.110473258887807568e-211
6.021829372774162880e-216
2.050045215524351531e-226
4.684743132848461191e-238
3.709957096160056341e-250
1.300783492854704673e-262
2.602540638290320711e-275
4.711235058509106747e-285
2.489804397262765015e-293
1.482759278922561838e-300
6.406154708492623722e-307
1.330397707811852558e-312
1.373862654472514286e-315
3.970919488596296588e-304
1.179176858953046342e-292
3.138400191448672496e-281
6.866093461955102286e-270
1.280364569735667843e-258
3.354761932017158073e-247
9.289381567852152886e-236
1.376702634248166592e-225
1.732780458572490138e-216
7.507487894266768567e-208
8.161840481303242872e-200
1.771979771480861314e-202
4.006890298562300727e-211
1.529258056740915234e-219
1.953155125851040767e-225
4.518205797833058596e-230
6.538644564384225450e-234
3.464431805431896607e-237
4.883356052021663515e-240
1.484435753442928066e-242
8.398973384428786651e-245
7.939152734210993958e-247
1.155104552979400456e-248
2.426799888464707917e-250
6.998694787001058838e-252
2.659097914064133945e-253
1.287044658175980946e-254
7.717771624307484997e-256
5.601215427878079655e-257
4.823315945097139645e-258
4.845719391212003025e-259
5.597695303408817811e-260
7.342332691287117036e-261
1.081683738346760881e-261
1.772656321588283677e-262
3.204447924806146739e-263
6.342517218732561449e-264
1.365404930251553580e-264
3.178375659588299736e-265
7.957613595540092264e-266
2.132813160045556192e-266
6.093075351855813570e-267
1.848375407316512111e-267
5.932924911549971000e-268
2.008741576395813313e-268
7.152770657987070667e-269
2.671642153841624731e-269
1.044246263116167992e-269
4.261671222032822656e-270
1.812293356445760899e-270
8.015555334525511358e-271
3.680863658730227578e-271
1.752248436295265191e-271
8.633784852602164920e-272
4.397750210690515384e-272
2.312608940063889518e-272
1.254120915353837087e-272
7.005863151159519593e-273
4.027507814872117472e-273
2.380393706923367470e-273
1.445281304408323678e-273
9.007077939599229924e-274
5.756995461346241592e-274
3.771371690011061337e-274
2.530783202720297039e-274
1.738643546056318983e-274
1.222064305155338304e-274
8.784766031173241347e-275
6.454941087068219664e-275
4.846085734231100284e-275
3.715794366472307628e-275
2.909133671320244024e-275
2.324434711316294829e-275
1.895128972585277609e-275
1.576124377897230188e-275
1.336748307695188031e-275
1.155937019559943307e-275
1.018961236913132592e-275
9.155042109496906051e-276
8.382528881510939228e-276
7.820395493234717906e-276
7.434099706822128325e-276
7.199454530871823688e-276
7.103154627668532220e-276
7.138992791906618977e-276
7.309146737837356322e-276
7.623466698847986301e-276
8.100373565481925023e-276
8.768435235438766340e-276
9.670967657989469936e-276
1.086896523888002192e-275
1.244792437981437653e-275
1.452970706031887252e-275
1.728992060808551959e-275
2.097550624402405075e-275
2.595078513475506134e-275
3.274855774582871669e-275
4.216169754175204096e-275
5.540075739214282671e-275
7.431116154086743144e-275
1.017894278598600687e-274
1.424263563482292791e-274
2.036596419447898004e-274
2.977291075738417405e-274
4.451547955420779402e-274
6.810741391727555869e-274
1.066794869401856674e-273
1.711556680496933543e-273
2.814280620193207476e-273
4.745317501981126195e-273
8.210405113705919097e-273
1.458588436728804712e-272
2.662271392732697230e-272
4.996353110684839579e-272
9.648494400393173079e-272
1.918643487021377923e-271
3.931981613855241025e-271
8.310134610951985050e-271
1.812861424122566965e-270
4.084754507234879054e-270
9.512735157333781817e-270
2.290752107489272706e-269
5.704772396061486055e-269
1.468448020131353078e-268
3.899564037142803995e-268
1.063113867902232165e-267
2.935109962811090735e-267
7.788907543638716056e-267
7.481819999275594844e-267
1.949096038168050289e-268
3.736706552770238338e-270
6.904259784896977070e-272
1.270628112610929179e-273
2.354534099136710186e-275
4.414561930085880070e-277
8.396354207697801931e-279
1.622364806289323294e-280
3.187341699573938255e-282
6.370037109687281283e-284
1.295528252010607343e-285
2.681687496973162325e-287
5.650346636532556051e-289
1.211804194584135549e-290
2.645719263576397123e-292
5.879161950618963440e-294
1.329615368894428976e-295
3.060442651984381418e-297
7.168617859715166586e-299
1.708425397855057530e-300
4.142280457335934935e-302
1.021719120864836247e-303
2.563235709366539691e-305
6.540087689048961763e-307
1.696798672543803901e-308
4.475799364244524144e-310
1.200252710755890634e-311
3.271875728451095091e-313
9.065403507213455982e-315
