3.676227574309054447e-02
3.676270135755468210e-02
3.676302088689346187e-02
3.676326092611480884e-02
3.676344643360963255e-02
3.676359382056187258e-02
3.676371371847473452e-02
3.676381319484212790e-02
3.676389709699322966e-02
3.676396884770575385e-02
3.676395590180472212e-02
3.676385924511656883e-02
3.676378110843770558e-02
3.676358644311312346e-02
3.387263106082021719e-02
3.165282354964710915e-02
3.049038093000047342e-02
2.974394289891572202e-02
2.908206413603891399e-02
2.850651879985031945e-02
2.804243729147731790e-02
2.755343832772032611e-02
2.736526525171593255e-02
2.736265314365187232e-02
2.736262361248120376e-02
2.736261190891571896e-02
2.736257660140186537e-02
2.746238265994366615e-02
2.808278731997700464e-02
2.915140387904147090e-02
2.857662216835896163e-02
2.801894859888618902e-02
2.747591723043655773e-02
2.694393023370308254e-02
2.641907016929814084e-02
2.589685299554101913e-02
2.537187002020887053e-02
2.483722464941373609e-02
2.428363825124360553e-02
2.370041211629544606e-02
2.312293131909634591e-02
2.257131034370428793e-02
2.204388757505705912e-02
2.153918242173140374e-02
2.105613814703494180e-02
2.059499322155091891e-02
2.015936554485799059e-02
1.976003020051170234e-02
1.942034550851316418e-02
1.918188713284299518e-02
2.134337112817082105e-02
2.126628738492808424e-02
2.115834982814957660e-02
2.103431058075888246e-02
2.090141393560170091e-02
2.076377666085947940e-02
2.087693649526507420e-02
2.104327255387204026e-02
2.135800097295102729e-02
2.183563855731278716e-02
2.248743223041434203e-02
2.331601054701346737e-02
2.428974289047361457e-02
2.536552175547045554e-02
2.650582366773042778e-02
2.768366300980074773e-02
2.888241216148274351e-02
3.024284010211304718e-02
3.237746710784127763e-02
3.455116740634490979e-02
3.644872384424881206e-02
3.775189263206620016e-02
3.892941618995271469e-02
3.986241152809592153e-02
4.000234611976021676e-02
4.000231549584572915e-02
4.000227980574994763e-02
4.000224300861430354e-02
4.000220644952796889e-02
4.000217070949572962e-02
4.000213606059779825e-02
4.000210262620778473e-02
4.000207045072737277e-02
4.000203953435645110e-02
4.000200985192577108e-02
4.000198136390451659e-02
4.000195402293562491e-02
4.000192777796875848e-02
4.000190257666640797e-02
4.000187836703009842e-02
4.000185509843008635e-02
4.000183272219796221e-02
4.000181119185700074e-02
4.000179046333729449e-02
4.000177049503206989e-02
4.000175124778232449e-02
4.000173268474473826e-02
4.000171477135786718e-02
4.000169747518392271e-02
4.000168076585092214e-02
4.000166461481863278e-02
4.000164899546213015e-02
4.000163388264848380e-02
4.000161925297936877e-02
4.000160508430444795e-02
4.000159135602002203e-02
4.000157804858879562e-02
4.000156514381060513e-02
4.000155262448328031e-02
4.000154047437409766e-02
4.000152867820731123e-02
4.000151722167922391e-02
4.000150609121255751e-02
4.000149527410084421e-02
4.000148475807436405e-02
4.000147453191021246e-02
4.000146458472327721e-02
4.000145490633524176e-02
4.000144548702547903e-02
4.000143631770335106e-02
4.000142738965220546e-02
4.000141869475288409e-02
4.000141022493985260e-02
4.000140197303009987e-02
4.000139393193864051e-02
4.000138609504354931e-02
4.000137845578045220e-02
4.000137100833391079e-02
4.000136374689063079e-02
4.000135666593386541e-02
4.000134976038015322e-02
4.000134302520778895e-02
4.000133645581036707e-02
4.000133004753394367e-02
4.000132379627740348e-02
4.000131769780730651e-02
4.000131174847030430e-02
4.000130594447885712e-02
4.000130028241446339e-02
4.000129475887157643e-02
4.000128937066121243e-02
4.000128411486898738e-02
4.000127898865071807e-02
4.000127398917813909e-02
4.000126911390716050e-02
4.000126436047454770e-02
4.000125972655635409e-02
4.000125520996928447e-02
4.000125080848349057e-02
4.000124652039647316e-02
4.000124234382877036e-02
4.000123827691572792e-02
4.000123431807284247e-02
4.000123046587491377e-02
4.000122671910725375e-02
4.000122307601727822e-02
4.000121953577837064e-02
4.000121609720975330e-02
4.000121275933204296e-02
4.000120952127889790e-02
4.000120638202260548e-02
4.000120334114928150e-02
4.000120039797625676e-02
4.000119755194300741e-02
4.000119480273189865e-02
4.000119215003292844e-02
4.000118959358237719e-02
4.000118713329946230e-02
4.000118476927706779e-02
4.000118250154809096e-02
4.000118033034150145e-02
4.000117825605184474e-02
4.000117627913774704e-02
4.000117440016583148e-02
4.000117261991675832e-02
4.000117093901443127e-02
4.000116935855629191e-02
4.000116787975189353e-02
4.000116650345496294e-02
4.000116523156163617e-02
4.000116406533908708e-02
4.000116300664326857e-02
4.000116205728053431e-02
4.000116121944029962e-02
4.000116049537705276e-02
4.000115988756255958e-02
4.000115939879272942e-02
4.000115903211176605e-02
4.000115879052064394e-02
4.000115867783603923e-02
4.000115858401313840e-02
4.000114757472369997e-02
4.000113803272700025e-02
4.000112853786699785e-02
4.000111908975977071e-02
4.000110968777977755e-02
4.000110033170405782e-02
4.000109102110861042e-02
4.000108175524596382e-02
4.000107253406362529e-02
4.000106335686813563e-02
4.000105422344597123e-02
4.000104513329442307e-02
4.000103608604212851e-02
4.000102708144664260e-02
4.000101811857242201e-02
4.000100919767133473e-02
4.000100031813321605e-02
4.000099147943707995e-02
4.000098268122662809e-02
4.000097392324923617e-02
4.000096520534528882e-02
4.000095652664190093e-02
4.000094788727226458e-02
4.000093928669677668e-02
4.000093072452232112e-02
4.000092220044314251e-02
4.000091371423713377e-02
4.000090526543444852e-02
4.000089685381082866e-02
