7.958000692660656260e-13
1.254746874097723761e-12
1.663237014367185327e-12
2.038446291255744445e-12
2.391855220728284562e-12
2.730299552319402251e-12
3.058071058355394094e-12
3.378028162366745207e-12
3.692203969043999728e-12
4.002185340157431686e-12
4.296636777783277285e-12
4.709025032179152372e-12
5.166304750966418600e-12
5.663814048207793035e-12
6.199698927637967945e-12
6.760021828816367343e-12
7.365940320401587662e-12
8.085857997973752929e-12
8.869804373579015316e-12
9.750589484916829718e-12
1.081840658052967956e-11
1.169184095830739546e-02
1.169184107187407583e-02
1.165920756011271618e-02
1.163416517107379068e-02
1.201529944977019343e-02
1.322502958346636302e-02
1.486706057223427697e-02
2.106267963585826963e-02
2.381878514079427064e-02
2.605471650519994992e-02
2.760961018984542034e-02
2.918848937935691196e-02
3.066097741124846135e-02
3.177152469665815715e-02
3.270199117923829751e-02
3.350901538544820424e-02
3.422149925260607739e-02
3.485790996643020612e-02
3.543213166368902600e-02
3.596741548575466824e-02
3.647491475108372710e-02
3.695756068326593730e-02
3.741776539284100145e-02
3.785748704983769169e-02
3.827811350031218307e-02
3.868004470195020306e-02
3.906188105964086832e-02
3.941927153177213206e-02
3.974638006541898749e-02
4.000867154927413571e-02
4.000868942195768413e-02
4.000871250342017543e-02
4.000873867081657098e-02
4.000876682060038741e-02
4.000879628459503429e-02
4.000881634502836959e-02
4.000885253074239201e-02
4.000893949218364831e-02
4.000906056831024515e-02
4.000916416673844928e-02
4.000926133851029354e-02
4.000935120382333177e-02
4.000943353282611359e-02
4.000950889402543620e-02
4.000957840462271431e-02
4.000972597231484962e-02
4.001207403662090933e-02
4.001035032012020126e-02
2.778980330561308179e-02
1.250469223115671311e-02
1.964167589347085626e-03
2.895789505674879749e-05
1.011645902292117143e-02
2.129019541783985338e-07
4.023993055877570325e-08
6.150264028683677485e-09
8.756753196601746174e-10
1.222690101880547999e-10
1.708691038071014425e-11
2.411037788937167879e-12
3.447222323031551527e-13
4.998872532939049225e-14
7.349317188796941158e-15
1.094368225367458111e-15
1.648048244451901857e-16
2.506236775230150935e-17
3.842296884037221870e-18
5.929152340914974225e-19
9.194348551234483051e-20
1.430594452654084002e-20
2.230201200867984411e-21
3.478257719869456767e-22
5.419765582411937891e-23
8.426062817312264591e-24
1.305345381108301518e-24
2.012655662401099496e-25
3.084738004788080761e-26
4.694214551483562900e-27
7.084658313242617246e-28
1.059227112610872026e-28
1.567128784718035018e-29
2.291874373725302293e-30
3.309825812765810388e-31
4.714861424370053029e-32
6.618104707936931198e-33
9.144472494963271031e-34
1.242519481195250829e-34
1.658412806240415755e-35
2.172242759297431470e-36
2.789166584069206473e-37
3.507232583829457136e-38
4.314217838875831143e-39
5.186352171526536181e-40
6.087303954552937934e-41
6.974177296875041296e-42
7.833729821610235121e-43
8.929395466236515966e-44
1.260582140299994468e-44
3.673135435904933147e-45
2.165131294470332454e-45
1.584471878471417714e-45
1.211483269663657060e-45
9.405583977401908293e-46
7.384286377491204407e-46
5.858453162151385720e-46
4.695086647634367797e-46
3.799806267958297139e-46
3.104497345943903268e-46
2.560403753814368248e-46
2.130481755635643656e-46
1.788660542333736476e-46
1.514570702945775397e-46
1.293447598298004505e-46
1.113702575088753306e-46
9.668175685741916516e-47
8.459774556007560967e-47
7.460822528592917366e-47
6.629931374477624849e-47
5.936750538195632026e-47
5.356211184292333871e-47
4.868060201976599236e-47
4.456733061378589918e-47
4.109928836442340904e-47
3.817396059535995877e-47
3.570931143657802791e-47
3.364101410170422215e-47
3.191436811321900224e-47
3.049267556727388411e-47
2.933394150333592589e-47
2.841730604508008397e-47
2.772131168290220371e-47
2.723198373145074571e-47
2.693829457931153515e-47
2.683278554626671821e-47
2.691669920308045284e-47
2.719090480755926651e-47
2.766161303868449071e-47
2.834270983156266176e-47
2.924922879717016243e-47
3.040591621001374109e-47
3.184072974452170856e-47
3.358765091020298620e-47
3.570073055163591968e-47
3.823502285863302877e-47
4.126518541912002077e-47
4.488548741190620127e-47
4.921853757283910600e-47
5.440136259813359704e-47
6.063434727321815694e-47
6.815018683420640093e-47
7.726295078415613854e-47
8.836188293727678890e-47
1.019713496110194889e-46
1.187502330661149276e-46
1.395984508080522697e-46
1.656928334885089065e-46
1.985953694010468446e-46
2.404826863233658125e-46
2.942012155098789678e-46
3.637331042944993516e-46
4.545860892141433416e-46
5.743754647864878044e-46
7.338288813620948200e-46
9.481155770175351486e-46
1.238490021667294522e-45
1.634759158773909939e-45
2.176945125506044639e-45
2.912201693261029721e-45
3.850494752541411175e-45
3.697523713018209752e-45
1.133722382418479183e-45
3.158949960330540553e-46
8.703664284325553796e-47
2.395891433262926415e-47
6.611950789962363778e-48
1.831767333918409358e-48
5.098660076158379686e-49
1.426822150903800363e-49
4.014514541645735844e-50
1.135998503395024295e-50
3.232661449297443172e-51
9.252772780116575896e-52
2.663850051697515036e-52
7.712293546984123256e-53
2.246713009845246094e-53
6.580816431604761969e-54
1.938741209141922789e-54
5.745075262635468716e-55
1.712266111572409331e-55
5.132271767479795909e-56
1.546669434609299240e-56
4.688457526989013991e-57
1.428748998458093580e-57
4.378366251603087006e-58
1.349080250833321176e-58
4.179402417083599285e-59
1.301637805071859507e-59
4.075657496396755508e-60
1.282844363002799893e-60
