1.929085596059798846e-01
2.898026865873745139e-01
3.471199224718141685e-01
3.760122570558137034e-01
3.858391819895323760e-01
3.824561749726721471e-01
3.696278502594634308e-01
3.498983435707848644e-01
3.250980930262891699e-01
2.966739531076076353e-01
1.853644363137257056e-01
1.745432529312320735e-01
2.157200386806077952e-01
3.376404242144244172e-01
4.835506917280372186e-01
6.492392727718451217e-01
8.605389179368263530e-01
1.193688774557416510e+00
1.596235485615696170e+00
2.103639021493222572e+00
2.812646261473589426e+00
4.389659655401577432e+00
5.651228772462608241e+00
7.256824742187225397e+00
8.733898550301740116e+00
8.491467764951096342e+00
6.637858190737452091e+00
4.593905273276478241e+00
2.399127817735412727e+00
1.687189792222860696e-01
1.893522350103986080e-03
8.349489209625552788e-10
2.765678207412986186e-17
1.491288834271921210e-25
1.858987467838985089e-34
6.800271904833516597e-44
8.699327728001896424e-54
4.441116741221582339e-64
1.000001417090893362e-74
1.070668175059867269e-85
5.765751174888995934e-97
1.623656821741163596e-108
2.451820990276463408e-120
2.011672513448882442e-132
8.991982906933613009e-145
2.179383233530804613e-157
2.846807131833512983e-170
1.997561130798096766e-183
7.676409889374559752e-197
1.708718669461182817e-210
2.013435977406077540e-215
6.854451055295030283e-226
1.566371877410377406e-237
1.240445900645939751e-249
4.349244240343613756e-262
8.701740536504779721e-275
1.575227364365457103e-284
8.324795765804066414e-293
4.957684729485576111e-300
2.141931538822616872e-306
4.448253892020679957e-312
4.593575386674897870e-315
1.327696427878942902e-303
3.942637375234117500e-292
1.049340377115784338e-280
2.295714845413072015e-269
4.280968602144484711e-258
1.121683317038870676e-246
3.105957519697229939e-235
4.603084854276455789e-225
5.793653121510159341e-216
2.510173279010115545e-207
2.728960615705817094e-199
5.924720861313947508e-202
1.339727512476593641e-210
5.113163820321163465e-219
6.530487451833759124e-225
1.510688123217128818e-229
2.186233222645543457e-233
1.158352488123761878e-236
1.632777748027545729e-239
4.963294624351099347e-242
2.808243906025604539e-244
2.654500121982228087e-246
3.862156453245196051e-248
8.114140240434454516e-250
2.340052360384568274e-251
8.890840701961056314e-253
4.303304682225031609e-254
2.580479325152860870e-255
1.872797059295370882e-256
1.612702041667600046e-257
1.620192694099600834e-258
1.871619870591974332e-259
2.454948783174351945e-260
3.616668159832404839e-261
5.926972216974175537e-262
1.071424448318613290e-262
2.120654777760655851e-263
4.565304755601525350e-264
1.062706950179983905e-264
2.660670714169056822e-265
7.131174805044258203e-266
2.037252258640700519e-266
6.180141649693041334e-267
1.983705002737993016e-267
6.716334144958243946e-268
2.391566800551029302e-268
8.932777009542654401e-269
3.491492595886481994e-269
1.424912275277507335e-269
6.059498397445973625e-270
2.680043134531124079e-270
1.230716121641320802e-270
5.858734677954409052e-271
2.886751254862736247e-271
1.470410823557134291e-271
7.732329007940748263e-272
4.193218830814143206e-272
2.342446920948172143e-272
1.346618241312999918e-272
7.958970360873371674e-273
4.832373249989154315e-273
3.011563330779209864e-273
1.924881328756133935e-273
1.260977689947366652e-273
8.461804804759997780e-274
5.813244722100729183e-274
4.086035223595487247e-274
2.937231926601403889e-274
2.158242885574111115e-274
1.620313768893660022e-274
1.242395002333426159e-274
9.726838282228671906e-275
7.771867096843022169e-275
6.336461188280503151e-275
5.269852859029579601e-275
4.469486616617207042e-275
3.864934747589577789e-275
3.406949153378675283e-275
3.061035250563851863e-275
2.802741466403235556e-275
2.614789264430664616e-275
2.485629268552104940e-275
2.407174432805054235e-275
2.374976048143221089e-275
2.386958702588330003e-275
2.443850524985817223e-275
2.548944990177985615e-275
2.708401215946156007e-275
2.931771023590607294e-275
3.233537320502840778e-275
3.634093895864195774e-275
4.162026905712060392e-275
4.858081521815827342e-275
5.780972946178308234e-275
7.013267230310645714e-275
8.676777006917987722e-275
1.094964681813698603e-274
1.409697793447864682e-274
1.852352485757262246e-274
2.484631455844723801e-274
3.403381250333655937e-274
4.762097599706272342e-274
6.809463613553466935e-274
9.954723991420778813e-274
1.488397677708027863e-273
2.277205991483010788e-273
3.566882855786373094e-273
5.722676743311678453e-273
9.409690294636177684e-273
1.586621029596369139e-272
2.745190695455998462e-272
4.876864616977271235e-272
8.901439831598987463e-272
1.670556086774231577e-271
3.226023216470159264e-271
6.415082200796867681e-271
1.314678083651491938e-270
2.778535861930003607e-270
6.061394615669311755e-270
1.365758510587280065e-269
3.180631564453970627e-269
7.659246694873171984e-269
1.907419813818038389e-268
4.909831079408942584e-268
1.303839201471362445e-267
3.554575694890156405e-267
9.813690702480737306e-267
2.604261225215522039e-266
2.501584927950925042e-266
6.516902143794799228e-268
1.249386817757458975e-269
2.308474143728239448e-271
4.248408948390281308e-273
7.872502442123236552e-275
1.476030725011072381e-276
2.807362535631930853e-278
5.424456484401016584e-280
1.065703278497487267e-281
2.129852872135520154e-283
4.331661328708470794e-285
8.966351022665465221e-287
1.889220396133978418e-288
4.051724890822646800e-290
8.846087307602091222e-292
1.965725400453167229e-293
4.445631040382213501e-295
1.023273198768325574e-296
2.396860438048682498e-298
5.712198620530115126e-300
1.384990340307375079e-301
3.416164136437488605e-303
8.570293917992358442e-305
2.186707559510188238e-306
5.673321746848845531e-308
1.496503276035137084e-309
4.013097584443057063e-311
1.093965908362752564e-312
3.031056916488592766e-314
