6.898144547235484250e-320
6.675815006606923305e-320
7.211382166698834559e-320
7.278081028887402842e-320
8.527078981574074106e-320
5.420614351553692281e-264
3.232150829561435981e-202
4.274995994551324691e-143
1.477594013141952032e-86
1.909161943876663575e-32
6.208989391560410659e-03
1.687266211087916010e-02
2.817460322542027912e-02
4.138344725773453886e-02
4.592869821569274535e-02
5.012736823525308638e-02
5.467313116618335161e-02
6.008113800391687298e-02
6.597687073106683897e-02
7.260882391821560367e-02
8.065534204843013977e-02
9.414894380351664094e-02
1.061411800689420343e-01
1.205917714164651128e-01
1.341430404885246286e-01
1.302072708670631851e-01
1.062678549055221244e-01
7.965137264774981019e-02
4.842157845107469133e-02
1.644984394462390559e-02
2.170860997516767553e-05
9.572414327915300401e-12
3.170758957149474485e-19
1.709713522090392454e-27
2.131267892656504690e-36
7.796287722667466011e-46
9.973492664767535759e-56
5.091594043454116569e-66
1.146468682402881070e-76
1.227485792492645288e-87
6.610243785221564362e-99
1.861469059225188587e-110
2.810931996863836874e-122
2.306316267660054120e-134
1.030901218669418938e-146
2.498591083466297092e-159
3.263770596428686195e-172
2.290138032311537195e-185
8.800751059991458924e-199
1.958989665507967155e-212
2.308338020994511304e-217
7.858402333888733222e-228
1.795793757644627733e-239
1.422130362017611552e-251
4.986265247684010665e-264
9.976258870232666864e-277
1.805946281718983406e-286
9.544104108031427906e-295
5.683822225089475500e-302
2.455653949220650061e-308
5.099771710213057768e-314
5.341837762835557636e-319
9.103653590270808823e-320
8.996441345123258323e-320
8.891205362559072809e-320
8.766700819807078680e-320
8.658500443367845687e-320
8.531525572386645325e-320
8.328464591945892995e-320
8.233109922298532412e-320
8.168881388339170361e-320
8.114040101650791995e-320
8.062657274483302354e-320
8.010780381669971467e-320
7.997934674878099057e-320
7.967302604835941771e-320
7.950998438523180635e-320
7.919378237189340857e-320
7.902580005230738474e-320
7.887758035855501078e-320
7.872936066480263681e-320
7.841809930792265149e-320
7.826493895771186506e-320
7.811177860750107863e-320
7.796849957020711714e-320
7.781039856353791824e-320
7.767206018270236921e-320
7.752878114540840771e-320
7.721751978852842239e-320
7.707424075123446089e-320
7.692602105748208693e-320
7.677286070727130050e-320
7.663946298289416393e-320
7.653570919726750216e-320
7.642207409872401545e-320
7.628867637434687889e-320
7.610587208538561766e-320
7.573532285100468276e-320
7.524125720516343621e-320
7.523631654870502375e-320
7.523137589224661128e-320
7.522643523578819882e-320
7.523137589224661128e-320
7.522643523578819882e-320
7.522149457932978635e-320
7.522149457932978635e-320
7.521655392287137389e-320
7.521161326641296142e-320
7.518690998412089909e-320
7.515726604537042430e-320
7.512762210661994951e-320
7.509797816786947471e-320
7.506833422911899992e-320
7.503869029036852513e-320
7.500410569515963787e-320
7.496952109995075061e-320
7.480647943682313925e-320
7.476695418515583953e-320
7.472742893348853981e-320
7.469778499473806501e-320
7.465331908661235283e-320
7.461379383494505310e-320
7.456932792681934091e-320
7.451992136223521626e-320
7.447051479765109160e-320
7.442604888952537941e-320
7.436676101202442983e-320
7.430747313452348024e-320
7.424818525702253066e-320
7.417901606660475614e-320
7.410984687618698163e-320
7.402091505993555725e-320
7.393692390014254534e-320
7.382822945805747110e-320
7.369977239013874699e-320
7.352190875763589824e-320
7.260788731282959213e-320
7.261282796928800460e-320
7.262764993866324199e-320
7.263753125158006692e-320
7.264741256449689186e-320
7.266223453387212925e-320
7.266717519033054172e-320
7.267705650324736665e-320
7.269187847262260404e-320
7.270175978553942898e-320
7.271658175491466637e-320
7.273140372428990377e-320
7.273634438074831623e-320
7.275610700658196610e-320
7.276598831949879103e-320
7.278081028887402842e-320
7.279069160179085335e-320
7.281045422762450322e-320
7.282033554054132815e-320
7.283515750991656554e-320
7.285492013575021540e-320
7.286974210512545280e-320
7.288456407450069020e-320
7.289938604387592759e-320
7.291914866970957746e-320
7.293397063908481485e-320
7.295373326491846471e-320
7.296855523429370211e-320
7.298831786012735197e-320
7.300808048596100183e-320
7.302784311179465169e-320
7.304760573762830156e-320
7.306736836346195142e-320
7.308713098929560128e-320
7.311183427158766361e-320
7.313159689742131347e-320
7.315135952325496333e-320
7.317606280554702566e-320
7.320076608783908799e-320
7.322546937013115031e-320
7.324523199596480017e-320
7.319088477492226305e-320
7.312171558450448854e-320
7.304266508116988909e-320
7.295373326491846471e-320
7.284009816637497801e-320
7.268693781616419158e-320
7.248437090136928050e-320
7.104663987197125305e-320
7.108122446718014031e-320
7.111086840593061510e-320
7.114051234468108990e-320
7.118003759634838962e-320
7.122944416093251427e-320
7.125414744322457660e-320
7.113557168822267743e-320
7.101205527676236579e-320
7.089347952176046662e-320
7.077984442321697992e-320
7.066620932467349321e-320
7.055257422613000651e-320
7.044387978404493227e-320
7.033518534195985803e-320
7.023143155633319625e-320
7.012767777070653448e-320
7.002392398507987271e-320
6.992511085591162340e-320
6.982629772674337409e-320
6.972748459757512478e-320
6.963361212486528794e-320
6.953973965215545109e-320
6.944586717944561425e-320
6.935693536319418987e-320
6.926800354694276549e-320
6.917907173069134112e-320
6.909508057089832920e-320
6.901108941110531729e-320
6.892709825131230538e-320
6.884804774797770593e-320
6.876405658818469402e-320
6.868994674130850704e-320
6.861089623797390759e-320
6.853184573463930814e-320
6.845773588776312116e-320
