2.839966213212872376e-02
2.900994095494411132e-02
2.980050155865426528e-02
3.059878395046922508e-02
3.135208708707420966e-02
3.204701633674161831e-02
3.268213467339467493e-02
3.325999461903809962e-02
3.378447111971496358e-02
3.425965812822237555e-02
3.490218383521728751e-02
4.192638334384086313e-02
3.662065940066056707e-02
3.768016315695418145e-02
3.836714500892975110e-02
3.893762102384708962e-02
3.957925561835375777e-02
4.033851226509303084e-02
4.110197600591763978e-02
4.187480455605466917e-02
4.267164306644337379e-02
4.383455045660682170e-02
4.475705309925321479e-02
4.575832522673436292e-02
4.677369458687431064e-02
4.747945390339539107e-02
4.862377470678611036e-02
4.977426976545790138e-02
5.097514415460035336e-02
5.306290335754615395e-02
1.154894548702250168e+00
1.193218384265363863e+00
1.231542723852842913e+00
1.269863676065333680e+00
1.308181856181331204e+00
1.346497915540215695e+00
1.384812609170214870e+00
1.423126966068107180e+00
1.461442901979596032e+00
1.499774694630851002e+00
1.538289433720855248e+00
1.576970904999926759e+00
1.615755257717463422e+00
1.654610177154662631e+00
1.693517198210916064e+00
1.732465806303011169e+00
1.771452454406642785e+00
1.810482816954610774e+00
1.849576439512879311e+00
1.888774157781936136e+00
1.921459903640798661e+00
1.959734592425697475e+00
1.998051025174590656e+00
2.036388966926949262e+00
2.074739492364868543e+00
2.113097977919668580e+00
2.150723864048517786e+00
2.187749226711411588e+00
2.224203063355333132e+00
2.260063852293595854e+00
2.295326534231620919e+00
2.329930355883468973e+00
2.363855149274993295e+00
2.397102209973076548e+00
2.429684201117535025e+00
2.461619286562087172e+00
2.492973411683204077e+00
2.529975268042041314e+00
2.597202666368197299e+00
2.669228602279157592e+00
2.728842470532259146e+00
2.764114050548261758e+00
2.792952262172792910e+00
2.817919151823571777e+00
2.846907980094977031e+00
2.873018040507472559e+00
2.898805811492838558e+00
2.924220745584047432e+00
2.949250260717998007e+00
2.973893376890157647e+00
2.998153810299491795e+00
3.022037445241508635e+00
3.045551216597192745e+00
3.068702554412217509e+00
3.091499091507246888e+00
3.113948500015210286e+00
3.136058377875975633e+00
3.157836211549271077e+00
3.179289319388031831e+00
3.200424853573433204e+00
3.221249768782042278e+00
3.241770828310659880e+00
3.261994605744201969e+00
3.281927478359724759e+00
3.301575633648866859e+00
3.320945073916586665e+00
3.340041618159357295e+00
3.358870916787780381e+00
3.377438445560210667e+00
3.395749514939197411e+00
3.413809280841647364e+00
3.431622744028962391e+00
3.449194758007335881e+00
3.466530032136744932e+00
3.483633142260688320e+00
3.500508529667567981e+00
3.517160507958038362e+00
3.533593265998663746e+00
3.549810882820398916e+00
3.565817309785014100e+00
3.581616401880110878e+00
3.597211895418563010e+00
3.612607436758807022e+00
3.627806559418019550e+00
3.642812716356786495e+00
3.657629255968589010e+00
3.672259442796724560e+00
3.686706458729225755e+00
3.700973393910809150e+00
3.715063268455471412e+00
3.728979013809861076e+00
3.742723497299640378e+00
3.756299505251974313e+00
3.769709758199489169e+00
3.782956907541452196e+00
3.796043536572453636e+00
3.808972167335482162e+00
3.821745259269617279e+00
3.834365211531939099e+00
3.846834366666413985e+00
3.859155006621050710e+00
3.871329362765776327e+00
3.883359614243589331e+00
3.895247882091504188e+00
3.906996244441774735e+00
3.918606728245787707e+00
3.930081311437144898e+00
3.941421928147613052e+00
3.952630466938605203e+00
3.963708773314951639e+00
3.974658651003814658e+00
3.985481859556409656e+00
3.996180122909487764e+00
4.006755123101259031e+00
4.017208504609166120e+00
4.027541875596485355e+00
4.037756808036320422e+00
4.047854836811512591e+00
4.057837466924528513e+00
4.067706161968317247e+00
4.077462360581088241e+00
4.087107466954555512e+00
4.096642851894228166e+00
4.106069857859348637e+00
4.115389794362311449e+00
4.124603947487324618e+00
4.133713569062081206e+00
4.142719885461635165e+00
4.151624094275521593e+00
4.160427368354344679e+00
4.169130852124744102e+00
4.177735664717877384e+00
4.186242899682139473e+00
4.194653627238898785e+00
4.202968890975237848e+00
4.211189711913353229e+00
4.219317087255902265e+00
4.227351990010360439e+00
4.235295372792447388e+00
4.243148163075103341e+00
4.250911268407221222e+00
4.258585572935681185e+00
4.266171941285663571e+00
4.273671217094697994e+00
4.281084220613348812e+00
4.288411755327015129e+00
4.295654603944945471e+00
4.302813527615266587e+00
4.309889269748550689e+00
4.316882553391455879e+00
4.323794086012959781e+00
4.330624553311246849e+00
4.337374624386392874e+00
4.344044950339215561e+00
4.350636164401811001e+00
4.357148881632641135e+00
4.363583702524580055e+00
4.369941208020903467e+00
4.376221964443120171e+00
4.382426521027209532e+00
4.388788369895693542e+00
4.396258024239165785e+00
4.403651507764820394e+00
4.410962590625406854e+00
4.418192121346623757e+00
4.425340934765305434e+00
4.432409855084161521e+00
4.439399692742065362e+00
4.446311242983584044e+00
4.453145294535288734e+00
4.459902619763422393e+00
4.466583982309359158e+00
4.473190132779059525e+00
4.479721811578341040e+00
4.486179749184302956e+00
4.492564659550454031e+00
4.498877255999444102e+00
4.505118234658540111e+00
4.511288281567582104e+00
4.517388075063933250e+00
4.523418284225331654e+00
4.529379569080028922e+00
4.535272574990020900e+00
4.541097946112735428e+00
4.546856311798180172e+00
4.552548294408623519e+00
4.558174507991200386e+00
4.563735558296627026e+00
4.569232041363172847e+00
4.574664546899709805e+00
