6.836386341505328432e-320
6.552298595146611669e-320
7.084901361363475443e-320
7.201994919427850874e-320
7.227686333011595695e-320
1.910108752232383986e-310
1.089822328221442568e-253
2.183209444843039244e-199
1.691597899492204938e-147
5.603275869776459403e-98
3.844099972120047856e-71
9.644275369146268445e-71
1.546438161638984707e-70
2.203824908947781862e-70
2.427908146072930953e-70
2.633717574011374685e-70
2.854856855705028420e-70
3.115787541778838513e-70
3.398180050076856187e-70
3.713420135328390471e-70
4.092611445617105769e-70
4.721124721378228773e-70
5.274071392315693196e-70
5.933405938561351241e-70
1.903022251208116095e-69
5.754013950368011245e-61
1.966961146869186548e-60
3.408123907790888414e-60
5.148161462545093251e-60
6.859816164745488947e-60
7.657803101402088278e-60
7.899864590915907415e-60
8.140813611889433983e-60
8.381454630986520701e-60
8.621800375073908212e-60
8.861867148482026436e-60
9.101677194484831690e-60
9.341265440418624464e-60
9.580705428083291030e-60
9.820590897549057495e-60
1.006792313888040570e-59
1.032196410441789015e-59
1.058000068823709427e-59
1.084065995662183671e-59
1.110314682865325915e-59
1.136695298836663906e-59
1.163172247026464356e-59
1.189716537959446007e-59
1.216299625770120088e-59
1.242899041772840962e-59
1.240794638051955784e-59
1.263448764494747897e-59
1.286324356922189480e-59
1.338229005426601327e-59
1.681417157350719092e-59
3.181554735680072612e-59
8.723945578033547532e-55
1.808545798546986389e-46
2.956873047141990198e-36
1.306178532157309636e-29
1.864051150654873995e-24
3.521124986716333722e-20
1.794440198095650124e-16
3.939622556218827540e-13
4.809684086151114653e-10
3.675553412048768660e-07
1.703184412214222773e-04
2.350582050560716743e-02
1.622910480909382502e-01
3.110189193273700248e-01
4.190102452396322619e-01
4.405396024832839430e-01
4.453963071939290308e-01
4.423315702785735604e-01
4.345594164675560256e-01
4.273022081143668105e-01
4.212424864840416672e-01
4.157709544973668403e-01
4.106564538948427878e-01
4.057848638342158032e-01
4.010912224924568226e-01
3.965349859438164204e-01
3.920891233487271976e-01
3.877346853767311696e-01
3.834578466975457345e-01
3.792481706162267319e-01
3.750975573958619247e-01
3.709995626498275301e-01
3.669489505247809924e-01
3.629413872927617635e-01
3.589732360026751667e-01
3.550413798268178822e-01
3.511431356287074146e-01
3.472761534945242312e-01
3.434383589550161764e-01
3.396279132737272111e-01
3.358431434192195031e-01
3.320825611570047409e-01
3.283447931194850566e-01
3.246285951301742800e-01
3.209328165696371804e-01
3.172563854678834283e-01
3.135983202310643758e-01
3.099576854141649629e-01
3.063336283840632501e-01
3.027253271863381001e-01
2.991320232354420794e-01
2.955529769015558528e-01
2.919875122564781211e-01
2.884349688562059533e-01
2.848947245120941885e-01
2.813661782993004401e-01
2.778487605451386289e-01
2.743419089657620491e-01
2.708451160204465857e-01
2.673578478319085239e-01
2.638796146086971328e-01
2.604099425804805579e-01
2.569483617788321794e-01
2.534944164713507364e-01
2.500476665702050516e-01
2.466076723913740165e-01
2.431740282406122389e-01
2.397463060024963288e-01
2.363240996483376988e-01
2.329070047829523982e-01
2.294946387638130414e-01
2.260865990613839804e-01
2.226825007172302529e-01
2.192819695297879845e-01
2.158846142059497597e-01
2.124900617682252690e-01
2.090979333704469090e-01
2.057078591578453686e-01
2.023194546069697342e-01
1.989323559521172513e-01
1.955461734934685891e-01
1.921605349782179173e-01
1.887750529185334702e-01
1.853893496583506884e-01
1.820030383081917558e-01
1.786157199869194967e-01
1.752269996276394626e-01
1.718364795049200089e-01
1.684437501950369620e-01
1.650483911367094103e-01
1.616499827178540516e-01
1.582480896767437528e-01
1.548422846612093340e-01
1.514320986605232067e-01
1.480170754167965952e-01
1.445967521014727142e-01
1.411706378046088395e-01
1.377382302342058662e-01
1.342990040731820434e-01
1.308524554102013515e-01
1.273980191389479655e-01
1.239351335219553707e-01
1.204632128871449132e-01
1.169816544823021054e-01
1.134898388346124998e-01
1.099871021501768881e-01
1.064727726794557489e-01
1.029461512029442721e-01
9.940650041103689383e-02
9.585305960239226541e-02
9.228503388666986496e-02
8.870158955846171867e-02
8.510185918228986568e-02
8.148493055096373006e-02
7.784985468466212866e-02
7.419562787084015010e-02
7.052120345630058518e-02
6.682548176842480203e-02
6.310729677415746752e-02
5.936543930728335750e-02
5.559862179279383837e-02
5.180548298389885814e-02
4.798460515297625628e-02
4.413445824641715198e-02
4.025345849895860251e-02
3.633990429162758939e-02
3.239200417318657127e-02
2.840784965035127521e-02
2.438541918597820699e-02
2.032255471135918992e-02
1.621696507662497358e-02
1.206619879324596217e-02
7.867650049262080864e-03
3.618517879889766430e-03
2.149912996113211201e-05
4.432911670154423958e-14
3.172589864116273852e-23
2.341894978138811977e-32
2.014455196669376289e-41
2.088372003008696904e-50
2.637525296364815059e-59
4.070211437375727409e-68
7.675838315120915424e-77
1.767023094084845859e-85
4.958162535339335432e-94
1.692952989381379298e-102
7.022388822974095248e-111
3.532696908376121759e-119
2.151693648766899564e-127
1.584322617646418317e-135
1.407864328397743635e-143
1.507523468516240068e-151
1.942290553715946782e-159
3.006440316490724439e-167
5.582580820951262741e-175
1.241715982597132449e-182
3.303903009779805593e-190
1.050048539062814691e-197
3.980976563009135981e-205
1.797944646211666022e-212
9.660309918718970942e-220
6.166898970685753996e-227
4.671412022314801654e-234
4.193498272782398481e-241
