6.885792906089453086e-320
6.589353518584705160e-320
7.197054262969438409e-320
7.268693781616419158e-320
8.489529992490139369e-320
2.510969473796137416e-271
2.410593204313920796e-210
5.504666768247205373e-152
3.460218717597780362e-96
7.893777649878150020e-43
8.916262341904550972e-14
2.392626189943330975e-13
3.969846273986974424e-13
5.803301802882139339e-13
6.433294403284214458e-13
7.014729472059219481e-13
7.643478092551995865e-13
8.390521215756964865e-13
9.204005544493097107e-13
1.011797735033715663e-12
1.122539140307201681e-12
1.307906342502287648e-12
1.472386441774945452e-12
1.670256709545476969e-12
5.928714622632118284e-12
1.013142666614584228e-02
3.792141362245141784e-02
6.841116881111136694e-02
1.065104280316787472e-01
1.449419482827972172e-01
1.630476292116440629e-01
1.685065882159494377e-01
1.739508450947573892e-01
1.793971705045069587e-01
1.848456378411753587e-01
1.902964011047465487e-01
1.957497592506108053e-01
2.012063197782749946e-01
2.066675976631464906e-01
2.121472625073875795e-01
2.178086915746574592e-01
2.236353513339093824e-01
2.295642709811927806e-01
2.355635093216599807e-01
2.416144956084331219e-01
2.477053689574271467e-01
2.538279164122411169e-01
2.599758637729386868e-01
2.661436908441853766e-01
2.723282324643486185e-01
2.718097547255333701e-01
2.770899287298845270e-01
2.824193950847342371e-01
2.877747726755973678e-01
2.931455449872976127e-01
2.985262538209159655e-01
3.037304563406433289e-01
3.089429210392348746e-01
3.140781273596314205e-01
3.191330902010868775e-01
3.241027682409739485e-01
3.289792872656264744e-01
3.337596628859480496e-01
3.384440301188428313e-01
3.430342044713033944e-01
3.475324757135982989e-01
3.517989087872298026e-01
3.364235167721329467e-01
2.234282326157641940e-01
1.018359792641824746e-01
1.451803755417206861e-02
2.832462935206936632e-04
3.000969944485403209e-06
1.037429303305068186e-07
2.105208389158534057e-08
4.175611546153052524e-09
6.381997252179565532e-10
9.086695051250751304e-11
1.268759284690906040e-11
1.773072001605318240e-12
2.501882106739099358e-13
3.577108479452614682e-14
5.187222460295379754e-15
7.626228189461755475e-16
1.135602325056544789e-16
1.710144124609582805e-17
2.600667818925249323e-18
3.987068504458797473e-19
6.152553257940412915e-20
9.540776666861701897e-21
1.484496905712419046e-21
2.314231491138087615e-22
3.609312661311219822e-23
5.623973214614379986e-24
8.743542533048464667e-25
1.354528554796903097e-25
2.088489042399522464e-26
3.200965542810173029e-27
4.871084279851692961e-28
7.351595636169417760e-29
1.099136889160897135e-29
1.626175359525127848e-30
2.378228012762317317e-31
3.434533947968387732e-32
4.892508633259327383e-33
6.867462472545049826e-34
9.489018898283622838e-35
1.289335238425262989e-35
1.720898586138114046e-36
2.254088530932568466e-37
2.894256198126713899e-38
3.639373508152542505e-39
4.476737811271240377e-40
5.381551625618131917e-41
6.315196486720735776e-42
7.226668472780289631e-43
8.055663901256675821e-44
8.737050363822113181e-45
9.210739580704762080e-46
9.426502092952597135e-47
9.355791087538717387e-48
8.993583462249004365e-49
8.364320123782482041e-50
7.516643442744583170e-51
6.519090664951080095e-52
5.449851038332626593e-53
4.385908940712264654e-54
3.393481621047208262e-55
2.520971635973753970e-56
1.795718793213511903e-57
1.224821725860141509e-58
7.988414012338126443e-60
4.974667559664740320e-61
2.953877172975612847e-62
1.669856167562507443e-63
8.973649572692592361e-65
4.577393925169248658e-66
2.212826249531830227e-67
1.012211309508192033e-68
4.374218109180626037e-70
1.782949408768285761e-71
6.844229118870225996e-73
2.603364153280650215e-74
1.035392489024157823e-75
4.307637508436090975e-77
1.874941254862773722e-78
8.539058677822391731e-80
4.070176482092579013e-81
2.030884987664941240e-82
1.061141610767095883e-83
5.807697144461921953e-85
3.330723268500368503e-86
2.002529081342745886e-87
1.262764601569403757e-88
8.355976817820462212e-90
5.805203834247123827e-91
4.236957847266375361e-92
3.250702388940470349e-93
2.623504016777888219e-94
2.228860226149930639e-95
1.994849573215160810e-96
1.882455391441780401e-97
1.874584023585045669e-98
1.971670376571140241e-99
2.192492598180912617e-100
2.580206142479510964e-101
3.216909452179077182e-102
4.253775545711690589e-103
5.972485251794951399e-104
8.914487884413588277e-105
1.416263475636632033e-105
2.397981527327138597e-106
4.332867160859853544e-107
8.365815951040331075e-108
1.728401032446164234e-108
3.826298373445226874e-109
9.088478693197119935e-110
2.319401882537599082e-110
6.367711888623241518e-111
1.882848601502469704e-111
6.001971669470021017e-112
2.064028167889973037e-112
7.658880395683812109e-113
3.064623175033834514e-113
1.319802864113507565e-113
6.090416139458262218e-114
2.983799062398226918e-114
1.521007787135293065e-114
7.668179140690657224e-115
3.177965487910289575e-115
3.577999967141069379e-117
1.405294837506460276e-124
2.111929777397145092e-132
3.115531777909914694e-140
5.055741509698620433e-148
9.366014254891983901e-156
2.012810149931755993e-163
5.057808067953102293e-171
1.492150820538400970e-178
5.178884900538079397e-186
2.116606611590217324e-193
1.018853476958438829e-200
5.775015443758669859e-208
3.852544401815131102e-215
3.022572334412879996e-222
2.786856848119502602e-229
3.016602570602782289e-236
3.829749501567071655e-243
5.696793920490318502e-250
9.918310002331094367e-257
2.018893517401750844e-263
4.799400318430065602e-270
1.331077258423494151e-276
4.301980806080215246e-283
1.618535679282151726e-289
7.080945459835427563e-296
3.598392400087859637e-302
2.121833376918027552e-308
1.450273012792578468e-314
9.014227708373543199e-320
