2.892361434888089666e-02
3.764291046572727090e-02
4.757421662494587533e-02
5.809238872022937095e-02
6.895234525509530421e-02
8.003239931827733911e-02
9.126363347368317280e-02
1.026032254372295782e-01
1.140223585638085457e-01
1.254997620515354295e-01
1.330385785562272771e-01
1.355923040547314107e-01
1.380641118234387787e-01
1.404698494962901834e-01
1.440909298008854478e-01
1.475150986280169274e-01
1.505042474797808894e-01
1.533353717351387535e-01
1.561356540844540952e-01
1.588999790718645666e-01
1.616087066124373417e-01
1.648116835748973941e-01
1.673846590358083197e-01
1.698216247525460298e-01
1.724310816606102192e-01
1.776558123521345955e-01
1.805604475152879917e-01
1.833260762194060534e-01
1.858405258451370501e-01
1.878642587245600570e-01
1.912172378340525059e-01
1.945068025328847983e-01
1.978049823611668367e-01
2.011109760839622784e-01
2.044240136608585778e-01
2.077433902415608269e-01
2.110684628831009380e-01
2.143986445716492828e-01
2.177333974989190402e-01
2.210721523310469894e-01
2.244131677611759523e-01
2.277556303908515323e-01
2.310994268522098827e-01
2.344443959499183661e-01
2.377899842888072102e-01
2.411340174246304480e-01
2.444696730428279341e-01
2.477798006161085476e-01
2.510285876994853838e-01
2.541533101052578791e-01
2.568605430660950151e-01
2.599922157427211888e-01
2.631357066011907886e-01
2.662860283039577558e-01
2.694406868548989142e-01
2.725983753377702601e-01
2.765440887427205729e-01
2.813568683925855574e-01
2.868717894494987597e-01
2.931151825150479784e-01
3.000869637910122401e-01
3.078622601504237832e-01
3.164654755899255489e-01
3.258949604620227647e-01
3.361353083510789652e-01
3.471645720744641062e-01
3.589671997887676769e-01
3.727528318455291534e-01
3.938490974750304963e-01
4.121742222797179500e-01
4.301602308115745066e-01
4.450631006749319885e-01
4.616484256520186347e-01
4.809436893146085135e-01
4.990884934915661986e-01
5.188145979798038931e-01
5.389143870435807449e-01
5.594464699926505746e-01
5.804254355849437497e-01
6.018524201409638508e-01
6.237231148348535426e-01
6.460306969884525019e-01
6.687671257980736250e-01
6.919237863301171965e-01
7.154918285389249011e-01
7.394623567974522027e-01
7.638265615033097422e-01
7.885757623123150761e-01
8.137014737956256294e-01
8.391954031958046567e-01
8.650494867566663748e-01
8.912558826215493113e-01
9.178069688995581510e-01
9.446953513133831137e-01
9.719138556365980453e-01
9.994555223615886330e-01
1.027313604522191559e+00
1.055481550622511699e+00
1.083953011671459521e+00
1.112721830333790463e+00
1.141782028465552434e+00
1.171127807821454647e+00
1.200753540894586413e+00
1.230653767311611357e+00
1.260823181507692681e+00
1.291256633931266773e+00
1.321949123080897737e+00
1.352895792081026061e+00
1.384091911407444808e+00
1.415532899564890146e+00
1.447214286801356442e+00
1.479131740964449770e+00
1.511281034202256457e+00
1.543658069498598184e+00
1.576258843240734731e+00
1.609079473058352194e+00
1.642116173803485069e+00
1.675365256164387251e+00
1.708823137203236753e+00
1.742486315180808099e+00
1.776351391165559956e+00
1.810415040572121548e+00
1.844674032730752700e+00
1.879125213258723504e+00
1.913765507931527665e+00
1.948591921490144818e+00
1.983601529695035559e+00
2.018791480894353452e+00
2.054158993331218319e+00
2.089701350890579956e+00
2.125415907716274422e+00
2.161300076596377018e+00
2.197351330874475650e+00
2.233567211266382024e+00
2.269945308235108428e+00
2.306483271586169170e+00
2.343178807959910070e+00
2.380029674783737725e+00
2.417033682322807575e+00
2.454188690764806058e+00
2.491492608737811754e+00
2.528943396090495899e+00
2.566539053965669392e+00
2.604277632086387850e+00
2.642157223726119053e+00
2.680175964263773025e+00
2.718332031039888186e+00
2.756623644400014506e+00
2.795049059335129371e+00
2.833606578849353408e+00
2.872294534881462358e+00
2.911111299309723233e+00
2.950055282722726435e+00
2.989124928575996432e+00
3.028318718525925934e+00
3.067635161393323706e+00
3.107072805718225084e+00
3.146630229552574765e+00
3.186306044324380693e+00
3.226098890145352005e+00
3.266007440084497393e+00
3.306030396539890948e+00
3.346166491572295953e+00
3.386414484289635762e+00
3.426773164681043315e+00
3.467241348899625208e+00
3.507817880716134873e+00
3.548501631955363500e+00
3.589291498085413590e+00
3.630186403727061695e+00
3.671185296602249792e+00
3.712287151567082333e+00
3.753490966112295268e+00
3.794795762063435163e+00
3.836200588362399522e+00
3.877704513390346275e+00
3.919306629617052007e+00
3.961006054512353991e+00
4.002801926112178776e+00
4.044693406063698760e+00
4.086679674076162172e+00
4.128759935101302680e+00
4.170933413336132212e+00
4.213199353847012496e+00
4.255557022418825497e+00
4.298005705908243712e+00
4.340544708060101620e+00
4.383173355286895223e+00
4.425890990954195026e+00
4.468696978238188677e+00
4.511320589444358653e+00
4.552659730669986970e+00
4.594087189864229259e+00
4.635610190363175676e+00
4.677227748324978229e+00
4.718938895778877374e+00
4.760742677085060492e+00
4.802638152561221396e+00
4.844624400143797693e+00
4.886700505325805466e+00
4.928865572569616660e+00
4.971118716454340891e+00
5.013459066672954378e+00
5.055885764745132072e+00
5.098397963703026115e+00
5.140994835736878876e+00
5.183675553768842370e+00
5.226439310658522963e+00
5.269285310961648428e+00
5.312212768164456200e+00
5.355220906489984500e+00
5.398308960653564803e+00
5.441476182375520665e+00
5.484721824773289178e+00
5.528045158132638193e+00
5.571445460841851549e+00
5.614922020929886237e+00
5.658474136045623659e+00
5.702101115099045714e+00
5.745802274339046001e+00
